-1.022097+0.022097j,0.693147-3.141593j,0.693147-3.141593j,0.000000
-1.021635+0.022155j,0.693147-3.141593j,0.693147-3.141593j,0.000000
-1.021360+0.022207j,0.693147-3.141593j,0.693147-3.141593j,0.000000
-1.021127+0.022244j,0.693147-3.141593j,0.693147-3.141593j,0.000000
-1.020919+0.022278j,0.693147-3.141593j,0.693147-3.141593j,0.000000
-1.020726+0.022309j,0.693147-3.141593j,0.693147-3.141593j,0.000000
-1.020546+0.022339j,0.693147-3.141593j,0.693147-3.141593j,0.000000
-1.020375+0.022369j,0.693147-3.141593j,0.693147-3.141593j,0.000000
-1.020211+0.022398j,0.693147-3.141593j,0.693147-3.141593j,0.000000
-1.020053+0.022428j,0.693147-3.141593j,0.693147-3.141593j,0.000000
-1.019901+0.022457j,0.693147-3.141593j,0.693147-3.141593j,0.000000
-1.019753+0.022486j,0.693147-3.141593j,0.693147-3.141593j,0.000000
-1.019609+0.022515j,0.693148-3.141593j,0.693147-3.141593j,0.000000
-1.019469+0.022544j,0.693148-3.141593j,0.693147-3.141593j,0.000000
-1.019332+0.022573j,0.693148-3.141593j,0.693147-3.141593j,0.000000
-1.019198+0.022602j,0.693148-3.141593j,0.693147-3.141593j,0.000000
-1.019067+0.022632j,0.693148-3.141593j,0.693147-3.141593j,0.000000
-1.018938+0.022661j,0.693148-3.141593j,0.693147-3.141593j,0.000000
-1.018811+0.022691j,0.693148-3.141593j,0.693147-3.141593j,0.000000
-1.018686+0.022721j,0.693148-3.141593j,0.693147-3.141593j,0.000000
-1.018564+0.022751j,0.693148-3.141593j,0.693147-3.141593j,0.000000
-1.018443+0.022781j,0.693148-3.141593j,0.693147-3.141593j,0.000000
-1.018323+0.022811j,0.693148-3.141593j,0.693147-3.141593j,0.000000
-1.018206+0.022842j,0.693148-3.141593j,0.693147-3.141593j,0.000000
-1.018089+0.022872j,0.693148-3.141593j,0.693147-3.141593j,0.000000
-1.017975+0.022903j,0.693148-3.141593j,0.693147-3.141593j,0.000000
-1.017861+0.022934j,0.693148-3.141593j,0.693147-3.141593j,0.000000
-1.017749+0.022965j,0.693148-3.141593j,0.693147-3.141593j,0.000000
-1.017638+0.022996j,0.693148-3.141593j,0.693147-3.141593j,0.000000
-1.017528+0.023028j,0.693148-3.141593j,0.693147-3.141593j,0.000000
-1.017419+0.023060j,0.693148-3.141593j,0.693147-3.141593j,0.000000
-1.017311+0.023091j,0.693148-3.141593j,0.693147-3.141593j,0.000000
-1.017205+0.023123j,0.693148-3.141593j,0.693147-3.141593j,0.000000
-1.017099+0.023156j,0.693148-3.141593j,0.693147-3.141593j,0.000000
-1.016994+0.023188j,0.693148-3.141593j,0.693147-3.141593j,0.000000
-1.016890+0.023221j,0.693148-3.141593j,0.693147-3.141593j,0.000000
-1.016787+0.023253j,0.693148-3.141593j,0.693147-3.141593j,0.000000
-1.016684+0.023286j,0.693148-3.141593j,0.693147-3.141593j,0.000000
-1.016583+0.023320j,0.693148-3.141593j,0.693147-3.141593j,0.000000
-1.016482+0.023353j,0.693148-3.141593j,0.693147-3.141593j,0.000000
-1.016382+0.023386j,0.693148-3.141593j,0.693147-3.141593j,0.000000
-1.016282+0.023420j,0.693148-3.141593j,0.693147-3.141593j,0.000000
-1.016184+0.023454j,0.693148-3.141593j,0.693147-3.141593j,0.000000
-1.016085+0.023488j,0.693148-3.141593j,0.693147-3.141593j,0.000000
-1.015988+0.023523j,0.693148-3.141593j,0.693147-3.141593j,0.000000
-1.015891+0.023557j,0.693148-3.141593j,0.693147-3.141593j,0.000000
-1.015795+0.023592j,0.693148-3.141593j,0.693147-3.141593j,0.000000
-1.015700+0.023627j,0.693148-3.141593j,0.693147-3.141593j,0.000000
-1.015605+0.023662j,0.693148-3.141593j,0.693147-3.141593j,0.000000
-1.015510+0.023697j,0.693148-3.141593j,0.693147-3.141593j,0.000000
-1.015416+0.023733j,0.693148-3.141593j,0.693147-3.141593j,0.000000
-1.015323+0.023768j,0.693148-3.141593j,0.693147-3.141593j,0.000000
-1.015230+0.023804j,0.693148-3.141593j,0.693147-3.141593j,0.000000
-1.015138+0.023840j,0.693148-3.141593j,0.693147-3.141593j,0.000000
-1.015046+0.023876j,0.693148-3.141593j,0.693147-3.141593j,0.000000
-1.014954+0.023913j,0.693148-3.141593j,0.693147-3.141593j,0.000000
-1.014864+0.023950j,0.693148-3.141593j,0.693147-3.141593j,0.000000
-1.014773+0.023987j,0.693148-3.141593j,0.693147-3.141593j,0.000000
-1.014683+0.024024j,0.693148-3.141593j,0.693147-3.141593j,0.000000
-1.014594+0.024061j,0.693148-3.141593j,0.693147-3.141593j,0.000000
-1.014505+0.024098j,0.693148-3.141593j,0.693147-3.141593j,0.000000
-1.014416+0.024136j,0.693148-3.141593j,0.693147-3.141593j,0.000000
-1.014328+0.024174j,0.693148-3.141593j,0.693147-3.141593j,0.000000
-1.014240+0.024212j,0.693148-3.141593j,0.693147-3.141593j,0.000000
-1.014152+0.024250j,0.693148-3.141593j,0.693147-3.141593j,0.000000
-1.014065+0.024289j,0.693148-3.141593j,0.693147-3.141593j,0.000000
-1.013978+0.024327j,0.693148-3.141593j,0.693147-3.141593j,0.000000
-1.013892+0.024366j,0.693148-3.141593j,0.693147-3.141593j,0.000000
-1.013806+0.024406j,0.693148-3.141593j,0.693147-3.141593j,0.000000
-1.013720+0.024445j,0.693148-3.141593j,0.693147-3.141593j,0.000000
-1.013635+0.024484j,0.693148-3.141593j,0.693147-3.141593j,0.000000
-1.013550+0.024524j,0.693148-3.141593j,0.693147-3.141593j,0.000000
-1.013466+0.024564j,0.693148-3.141593j,0.693147-3.141593j,0.000000
-1.013382+0.024604j,0.693148-3.141593j,0.693147-3.141593j,0.000000
-1.013298+0.024645j,0.693148-3.141593j,0.693147-3.141593j,0.000000
-1.013214+0.024685j,0.693148-3.141593j,0.693147-3.141593j,0.000000
-1.013131+0.024726j,0.693148-3.141593j,0.693147-3.141593j,0.000000
-1.013048+0.024767j,0.693148-3.141593j,0.693147-3.141593j,0.000000
-1.012965+0.024808j,0.693148-3.141593j,0.693147-3.141593j,0.000000
-1.012883+0.024850j,0.693148-3.141593j,0.693147-3.141593j,0.000000
-1.012801+0.024891j,0.693148-3.141593j,0.693147-3.141593j,0.000000
-1.012719+0.024933j,0.693148-3.141593j,0.693147-3.141593j,0.000000
-1.012638+0.024975j,0.693148-3.141593j,0.693147-3.141593j,0.000000
-1.012557+0.025017j,0.693148-3.141593j,0.693147-3.141593j,0.000000
-1.012476+0.025060j,0.693148-3.141593j,0.693147-3.141593j,0.000000
-1.012396+0.025103j,0.693148-3.141593j,0.693147-3.141593j,0.000000
-1.012315+0.025146j,0.693148-3.141593j,0.693147-3.141593j,0.000000
-1.012235+0.025189j,0.693148-3.141593j,0.693147-3.141593j,0.000000
-1.012156+0.025232j,0.693148-3.141593j,0.693147-3.141593j,0.000000
-1.012076+0.025276j,0.693148-3.141593j,0.693147-3.141593j,0.000000
-1.011997+0.025320j,0.693148-3.141593j,0.693147-3.141593j,0.000000
-1.011918+0.025364j,0.693148-3.141593j,0.693147-3.141593j,0.000000
-1.011839+0.025408j,0.693148-3.141593j,0.693147-3.141593j,0.000000
-1.011761+0.025452j,0.693148-3.141593j,0.693147-3.141593j,0.000000
-1.011683+0.025497j,0.693148-3.141593j,0.693147-3.141593j,0.000000
-1.011605+0.025542j,0.693148-3.141593j,0.693147-3.141593j,0.000000
-1.011528+0.025587j,0.693148-3.141593j,0.693147-3.141593j,0.000000
-1.011450+0.025633j,0.693148-3.141593j,0.693147-3.141593j,0.000000
-1.011373+0.025679j,0.693148-3.141593j,0.693147-3.141593j,0.000000
-1.011296+0.025725j,0.693148-3.141593j,0.693147-3.141593j,0.000000
-1.011220+0.025771j,0.693148-3.141593j,0.693147-3.141593j,0.000000
-1.011143+0.025817j,0.693148-3.141593j,0.693147-3.141593j,0.000000
-1.011067+0.025864j,0.693148-3.141593j,0.693147-3.141593j,0.000000
-1.010991+0.025911j,0.693148-3.141593j,0.693147-3.141593j,0.000000
-1.010915+0.025958j,0.693148-3.141593j,0.693147-3.141593j,0.000000
-1.010840+0.026005j,0.693148-3.141593j,0.693147-3.141593j,0.000000
-1.010765+0.026053j,0.693148-3.141593j,0.693147-3.141593j,0.000000
-1.010690+0.026101j,0.693148-3.141593j,0.693147-3.141593j,0.000000
-1.010615+0.026149j,0.693148-3.141593j,0.693147-3.141593j,0.000000
-1.010540+0.026197j,0.693148-3.141593j,0.693147-3.141593j,0.000000
-1.010466+0.026246j,0.693148-3.141593j,0.693147-3.141593j,0.000000
-1.010392+0.026295j,0.693148-3.141593j,0.693147-3.141593j,0.000000
-1.010318+0.026344j,0.693148-3.141593j,0.693147-3.141593j,0.000000
-1.010245+0.026393j,0.693148-3.141593j,0.693147-3.141593j,0.000000
-1.010171+0.026443j,0.693148-3.141593j,0.693147-3.141593j,0.000000
-1.010098+0.026493j,0.693148-3.141593j,0.693147-3.141593j,0.000000
-1.010025+0.026543j,0.693148-3.141593j,0.693147-3.141593j,0.000000
-1.009952+0.026594j,0.693148-3.141593j,0.693147-3.141593j,0.000000
-1.009880+0.026645j,0.693148-3.141593j,0.693147-3.141593j,0.000000
-1.009807+0.026696j,0.693148-3.141593j,0.693147-3.141593j,0.000000
-1.009735+0.026747j,0.693148-3.141593j,0.693147-3.141593j,0.000000
-1.009663+0.026799j,0.693148-3.141593j,0.693147-3.141593j,0.000000
-1.009592+0.026851j,0.693148-3.141593j,0.693147-3.141593j,0.000000
-1.009520+0.026903j,0.693148-3.141593j,0.693147-3.141593j,0.000000
-1.009449+0.026955j,0.693148-3.141593j,0.693147-3.141593j,0.000000
-1.009378+0.027008j,0.693148-3.141593j,0.693147-3.141593j,0.000000
-1.009307+0.027061j,0.693148-3.141593j,0.693147-3.141593j,0.000000
-1.009237+0.027115j,0.693148-3.141593j,0.693147-3.141593j,0.000000
-1.009166+0.027168j,0.693148-3.141593j,0.693147-3.141593j,0.000000
-1.009096+0.027222j,0.693148-3.141593j,0.693147-3.141593j,0.000000
-1.009026+0.027277j,0.693148-3.141593j,0.693147-3.141593j,0.000000
-1.008956+0.027331j,0.693148-3.141593j,0.693147-3.141593j,0.000000
-1.008887+0.027386j,0.693148-3.141593j,0.693147-3.141593j,0.000000
-1.008818+0.027441j,0.693148-3.141593j,0.693147-3.141593j,0.000000
-1.008749+0.027497j,0.693148-3.141593j,0.693147-3.141593j,0.000000
-1.008680+0.027553j,0.693148-3.141593j,0.693147-3.141593j,0.000000
-1.008611+0.027609j,0.693148-3.141593j,0.693147-3.141593j,0.000000
-1.008543+0.027666j,0.693148-3.141593j,0.693147-3.141593j,0.000000
-1.008475+0.027722j,0.693148-3.141593j,0.693147-3.141593j,0.000000
-1.008407+0.027780j,0.693148-3.141593j,0.693147-3.141593j,0.000000
-1.008339+0.027837j,0.693148-3.141593j,0.693147-3.141593j,0.000000
-1.008271+0.027895j,0.693148-3.141593j,0.693147-3.141593j,0.000000
-1.008204+0.027953j,0.693148-3.141593j,0.693147-3.141593j,0.000000
-1.008137+0.028012j,0.693148-3.141593j,0.693147-3.141593j,0.000000
-1.008070+0.028071j,0.693148-3.141593j,0.693147-3.141593j,0.000000
-1.008004+0.028130j,0.693148-3.141593j,0.693147-3.141593j,0.000000
-1.007938+0.028190j,0.693148-3.141593j,0.693147-3.141593j,0.000000
-1.007872+0.028250j,0.693148-3.141593j,0.693147-3.141593j,0.000000
-1.007806+0.028311j,0.693148-3.141593j,0.693147-3.141593j,0.000000
-1.007740+0.028372j,0.693148-3.141593j,0.693147-3.141593j,0.000000
-1.007675+0.028433j,0.693148-3.141593j,0.693147-3.141593j,0.000000
-1.007610+0.028495j,0.693148-3.141593j,0.693147-3.141593j,0.000000
-1.007545+0.028557j,0.693148-3.141593j,0.693147-3.141593j,0.000000
-1.007481+0.028619j,0.693148-3.141593j,0.693147-3.141593j,0.000000
-1.007417+0.028682j,0.693148-3.141593j,0.693147-3.141593j,0.000000
-1.007353+0.028745j,0.693148-3.141593j,0.693147-3.141593j,0.000000
-1.007289+0.028809j,0.693148-3.141593j,0.693147-3.141593j,0.000000
-1.007226+0.028873j,0.693148-3.141593j,0.693147-3.141593j,0.000000
-1.007163+0.028938j,0.693148-3.141593j,0.693147-3.141593j,0.000000
-1.007101+0.029003j,0.693148-3.141593j,0.693147-3.141593j,0.000000
-1.007038+0.029068j,0.693148-3.141593j,0.693147-3.141593j,0.000000
-1.006976+0.029134j,0.693148-3.141593j,0.693147-3.141593j,0.000000
-1.006915+0.029200j,0.693148-3.141593j,0.693147-3.141593j,0.000000
-1.006853+0.029267j,0.693148-3.141593j,0.693147-3.141593j,0.000000
-1.006792+0.029334j,0.693148-3.141593j,0.693147-3.141593j,0.000000
-1.006732+0.029402j,0.693148-3.141593j,0.693147-3.141593j,0.000000
-1.006671+0.029470j,0.693148-3.141593j,0.693147-3.141593j,0.000000
-1.006611+0.029539j,0.693148-3.141593j,0.693147-3.141592j,0.000000
-1.006552+0.029608j,0.693148-3.141593j,0.693147-3.141592j,0.000000
-1.006493+0.029678j,0.693148-3.141593j,0.693147-3.141592j,0.000000
-1.006434+0.029748j,0.693148-3.141593j,0.693147-3.141592j,0.000000
-1.006376+0.029818j,0.693148-3.141593j,0.693147-3.141592j,0.000000
-1.006318+0.029889j,0.693148-3.141593j,0.693147-3.141592j,0.000000
-1.006261+0.029961j,0.693148-3.141593j,0.693147-3.141592j,0.000000
-1.006204+0.030033j,0.693148-3.141593j,0.693147-3.141592j,0.000000
-1.006148+0.030106j,0.693148-3.141593j,0.693147-3.141592j,0.000000
-1.006092+0.030179j,0.693148-3.141593j,0.693147-3.141592j,0.000000
-1.006037+0.030252j,0.693148-3.141593j,0.693147-3.141592j,0.000000
-1.005982+0.030327j,0.693148-3.141593j,0.693147-3.141592j,0.000000
-1.005928+0.030401j,0.693148-3.141593j,0.693147-3.141592j,0.000000
-1.005874+0.030476j,0.693148-3.141593j,0.693147-3.141592j,0.000000
-1.005821+0.030552j,0.693148-3.141593j,0.693147-3.141592j,0.000000
-1.005768+0.030628j,0.693148-3.141593j,0.693147-3.141592j,0.000000
-1.005717+0.030705j,0.693148-3.141593j,0.693147-3.141592j,0.000000
-1.005666+0.030782j,0.693148-3.141593j,0.693147-3.141592j,0.000000
-1.005615+0.030860j,0.693148-3.141593j,0.693147-3.141592j,0.000000
-1.005565+0.030938j,0.693148-3.141593j,0.693147-3.141592j,0.000000
-1.005516+0.031016j,0.693148-3.141593j,0.693147-3.141592j,0.000000
-1.005468+0.031095j,0.693148-3.141593j,0.693147-3.141592j,0.000000
-1.005421+0.031175j,0.693148-3.141593j,0.693147-3.141592j,0.000000
-1.005374+0.031255j,0.693148-3.141593j,0.693147-3.141592j,0.000000
-1.005328+0.031335j,0.693148-3.141593j,0.693147-3.141592j,0.000000
-1.005283+0.031416j,0.693148-3.141593j,0.693147-3.141592j,0.000000
-1.005239+0.031497j,0.693148-3.141593j,0.693147-3.141592j,0.000000
-1.005196+0.031579j,0.693148-3.141593j,0.693147-3.141592j,0.000000
-1.005154+0.031660j,0.693148-3.141593j,0.693147-3.141592j,0.000000
-1.005112+0.031743j,0.693148-3.141593j,0.693147-3.141592j,0.000000
-1.005072+0.031825j,0.693148-3.141593j,0.693147-3.141592j,0.000000
-1.005032+0.031908j,0.693148-3.141593j,0.693147-3.141592j,0.000000
-1.004994+0.031991j,0.693148-3.141593j,0.693147-3.141592j,0.000000
-1.004956+0.032074j,0.693148-3.141593j,0.693147-3.141592j,0.000000
-1.004920+0.032157j,0.693148-3.141593j,0.693147-3.141592j,0.000000
-1.004884+0.032241j,0.693148-3.141593j,0.693147-3.141592j,0.000000
-1.004850+0.032324j,0.693148-3.141593j,0.693147-3.141592j,0.000000
-1.004817+0.032408j,0.693148-3.141593j,0.693147-3.141592j,0.000000
-1.004784+0.032492j,0.693148-3.141593j,0.693147-3.141592j,0.000000
-1.004753+0.032575j,0.693148-3.141593j,0.693147-3.141592j,0.000000
-1.004723+0.032659j,0.693148-3.141593j,0.693147-3.141592j,0.000000
-1.004693+0.032742j,0.693148-3.141593j,0.693147-3.141592j,0.000000
-1.004665+0.032826j,0.693148-3.141593j,0.693147-3.141592j,0.000000
-1.004638+0.032909j,0.693148-3.141593j,0.693147-3.141592j,0.000000
-1.004612+0.032992j,0.693148-3.141593j,0.693147-3.141592j,0.000000
-1.004587+0.033075j,0.693148-3.141593j,0.693147-3.141592j,0.000000
-1.004562+0.033158j,0.693148-3.141593j,0.693147-3.141592j,0.000000
-1.004539+0.033240j,0.693148-3.141593j,0.693147-3.141592j,0.000000
-1.004517+0.033322j,0.693148-3.141593j,0.693147-3.141592j,0.000000
-1.004495+0.033404j,0.693148-3.141593j,0.693147-3.141592j,0.000000
-1.004475+0.033486j,0.693148-3.141593j,0.693147-3.141592j,0.000000
-1.004456+0.033567j,0.693148-3.141593j,0.693147-3.141592j,0.000000
-1.004437+0.033647j,0.693148-3.141593j,0.693147-3.141592j,0.000000
-1.004419+0.033727j,0.693148-3.141593j,0.693147-3.141592j,0.000000
-1.004402+0.033807j,0.693148-3.141593j,0.693147-3.141592j,0.000000
-1.004386+0.033886j,0.693148-3.141593j,0.693147-3.141592j,0.000000
-1.004370+0.033965j,0.693148-3.141593j,0.693147-3.141592j,0.000000
-1.004356+0.034044j,0.693148-3.141593j,0.693147-3.141592j,0.000000
-1.004342+0.034122j,0.693148-3.141593j,0.693147-3.141592j,0.000000
-1.004329+0.034199j,0.693148-3.141593j,0.693147-3.141592j,0.000000
-1.004316+0.034276j,0.693148-3.141593j,0.693147-3.141592j,0.000000
-1.004304+0.034352j,0.693148-3.141593j,0.693147-3.141592j,0.000000
-1.004293+0.034428j,0.693148-3.141593j,0.693147-3.141592j,0.000000
-1.004282+0.034503j,0.693148-3.141593j,0.693147-3.141592j,0.000000
-1.004272+0.034578j,0.693148-3.141593j,0.693147-3.141592j,0.000000
-1.004262+0.034652j,0.693148-3.141593j,0.693147-3.141592j,0.000000
-1.004253+0.034725j,0.693148-3.141593j,0.693147-3.141592j,0.000000
-1.004245+0.034798j,0.693148-3.141593j,0.693147-3.141592j,0.000000
-1.004237+0.034871j,0.693148-3.141593j,0.693147-3.141592j,0.000000
-1.004229+0.034943j,0.693148-3.141593j,0.693147-3.141592j,0.000000
-1.004222+0.035014j,0.693148-3.141593j,0.693147-3.141592j,0.000000
-1.004215+0.035085j,0.693148-3.141593j,0.693147-3.141592j,0.000000
-1.004209+0.035155j,0.693148-3.141593j,0.693147-3.141592j,0.000000
-1.004203+0.035225j,0.693148-3.141593j,0.693147-3.141592j,0.000000
-1.004198+0.035294j,0.693148-3.141593j,0.693147-3.141592j,0.000000
-1.004193+0.035363j,0.693148-3.141593j,0.693147-3.141592j,0.000000
-1.004188+0.035431j,0.693148-3.141593j,0.693147-3.141592j,0.000000
-1.004184+0.035499j,0.693148-3.141593j,0.693147-3.141592j,0.000000
-1.004180+0.035566j,0.693148-3.141593j,0.693147-3.141592j,0.000000
-1.004176+0.035632j,0.693148-3.141593j,0.693147-3.141592j,0.000000
-1.004172+0.035698j,0.693148-3.141593j,0.693147-3.141592j,0.000000
-1.004169+0.035764j,0.693148-3.141593j,0.693147-3.141592j,0.000000
-1.004166+0.035829j,0.693148-3.141593j,0.693147-3.141592j,0.000000
-1.004164+0.035894j,0.693148-3.141593j,0.693147-3.141592j,0.000000
-1.004161+0.035958j,0.693148-3.141593j,0.693147-3.141592j,0.000000
-1.004159+0.036021j,0.693148-3.141593j,0.693147-3.141592j,0.000000
-1.004157+0.036085j,0.693148-3.141593j,0.693147-3.141592j,0.000000
-1.004155+0.036147j,0.693148-3.141593j,0.693147-3.141592j,0.000000
-1.004154+0.036210j,0.693148-3.141593j,0.693147-3.141592j,0.000000
-1.004152+0.036271j,0.693148-3.141593j,0.693147-3.141592j,0.000000
-1.004151+0.036333j,0.693148-3.141593j,0.693147-3.141592j,0.000000
-1.004150+0.036393j,0.693148-3.141593j,0.693147-3.141592j,0.000000
-1.004150+0.036454j,0.693148-3.141593j,0.693147-3.141592j,0.000000
-1.004149+0.036514j,0.693148-3.141593j,0.693147-3.141592j,0.000000
-1.004149+0.036573j,0.693148-3.141593j,0.693147-3.141592j,0.000000
-1.004148+0.036633j,0.693148-3.141593j,0.693147-3.141592j,0.000000
-1.004148+0.036691j,0.693148-3.141593j,0.693147-3.141592j,0.000000
-1.004148+0.036750j,0.693148-3.141593j,0.693147-3.141592j,0.000000
-1.004148+0.036808j,0.693148-3.141593j,0.693147-3.141592j,0.000000
-1.004149+0.036865j,0.693148-3.141593j,0.693147-3.141592j,0.000000
-1.004149+0.036922j,0.693148-3.141593j,0.693147-3.141592j,0.000000
-1.004150+0.036979j,0.693148-3.141593j,0.693147-3.141592j,0.000000
-1.004150+0.037035j,0.693148-3.141593j,0.693147-3.141592j,0.000000
-1.004151+0.037091j,0.693148-3.141593j,0.693147-3.141592j,0.000000
-1.004152+0.037147j,0.693148-3.141593j,0.693147-3.141592j,0.000000
-1.004153+0.037202j,0.693148-3.141593j,0.693147-3.141592j,0.000000
-1.004154+0.037257j,0.693148-3.141593j,0.693147-3.141592j,0.000000
-1.004155+0.037312j,0.693148-3.141593j,0.693147-3.141592j,0.000000
-1.004157+0.037366j,0.693148-3.141593j,0.693147-3.141592j,0.000000
-1.004158+0.037420j,0.693148-3.141593j,0.693147-3.141592j,0.000000
-1.004159+0.037473j,0.693148-3.141593j,0.693147-3.141592j,0.000000
-1.004161+0.037526j,0.693148-3.141593j,0.693147-3.141592j,0.000000
-1.004162+0.037579j,0.693148-3.141593j,0.693147-3.141592j,0.000000
-1.004164+0.037632j,0.693148-3.141593j,0.693147-3.141592j,0.000000
-1.004166+0.037684j,0.693148-3.141593j,0.693147-3.141592j,0.000000
-1.004168+0.037736j,0.693148-3.141593j,0.693147-3.141592j,0.000000
-1.004170+0.037787j,0.693148-3.141593j,0.693147-3.141592j,0.000000
-1.004171+0.037838j,0.693148-3.141594j,0.693147-3.141592j,0.000000
-1.004173+0.037889j,0.693148-3.141594j,0.693147-3.141592j,0.000000
-1.004176+0.037940j,0.693148-3.141594j,0.693147-3.141592j,0.000000
-1.004178+0.037990j,0.693148-3.141594j,0.693147-3.141592j,0.000000
-1.004180+0.038040j,0.693148-3.141594j,0.693147-3.141592j,0.000000
-1.004182+0.038090j,0.693148-3.141594j,0.693147-3.141592j,0.000000
-1.004184+0.038139j,0.693148-3.141594j,0.693147-3.141592j,0.000000
-1.004187+0.038189j,0.693148-3.141594j,0.693147-3.141592j,0.000000
-1.004189+0.038238j,0.693148-3.141594j,0.693147-3.141592j,0.000000
-1.004191+0.038286j,0.693148-3.141594j,0.693147-3.141592j,0.000000
-1.004194+0.038334j,0.693148-3.141594j,0.693147-3.141592j,0.000000
-1.004196+0.038383j,0.693148-3.141594j,0.693147-3.141592j,0.000000
-1.004199+0.038430j,0.693148-3.141594j,0.693147-3.141592j,0.000000
-1.004201+0.038478j,0.693148-3.141594j,0.693147-3.141592j,0.000000
-1.004204+0.038525j,0.693148-3.141594j,0.693147-3.141592j,0.000000
-1.004207+0.038572j,0.693148-3.141594j,0.693147-3.141592j,0.000000
-1.004209+0.038619j,0.693148-3.141594j,0.693147-3.141592j,0.000000
-1.004212+0.038666j,0.693148-3.141594j,0.693147-3.141592j,0.000000
-1.004215+0.038712j,0.693148-3.141594j,0.693147-3.141592j,0.000000
-1.004218+0.038758j,0.693148-3.141594j,0.693147-3.141592j,0.000000
-1.004220+0.038804j,0.693148-3.141594j,0.693147-3.141592j,0.000000
-1.004223+0.038849j,0.693148-3.141594j,0.693147-3.141592j,0.000000
-1.004226+0.038895j,0.693148-3.141594j,0.693147-3.141592j,0.000000
-1.004229+0.038940j,0.693148-3.141594j,0.693147-3.141592j,0.000000
-1.004232+0.038984j,0.693148-3.141594j,0.693147-3.141592j,0.000000
-1.004235+0.039029j,0.693148-3.141594j,0.693147-3.141592j,0.000000
-1.004238+0.039074j,0.693148-3.141594j,0.693147-3.141592j,0.000000
-1.004241+0.039118j,0.693148-3.141594j,0.693147-3.141592j,0.000000
-1.004244+0.039162j,0.693148-3.141594j,0.693147-3.141592j,0.000000
-1.004247+0.039205j,0.693148-3.141594j,0.693147-3.141592j,0.000000
-1.004250+0.039249j,0.693148-3.141594j,0.693147-3.141592j,0.000000
-1.004253+0.039292j,0.693148-3.141594j,0.693147-3.141592j,0.000000
-1.004256+0.039335j,0.693148-3.141594j,0.693147-3.141592j,0.000000
-1.004259+0.039378j,0.693148-3.141594j,0.693147-3.141592j,0.000000
-1.004262+0.039421j,0.693148-3.141594j,0.693147-3.141592j,0.000000
-1.004265+0.039464j,0.693148-3.141594j,0.693147-3.141592j,0.000000
-1.004268+0.039506j,0.693148-3.141594j,0.693147-3.141592j,0.000000
-1.004271+0.039548j,0.693148-3.141594j,0.693147-3.141592j,0.000000
-1.004274+0.039590j,0.693148-3.141594j,0.693147-3.141592j,0.000000
-1.004277+0.039632j,0.693148-3.141594j,0.693147-3.141592j,0.000000
-1.004281+0.039673j,0.693148-3.141594j,0.693147-3.141592j,0.000000
-1.004284+0.039714j,0.693148-3.141594j,0.693147-3.141592j,0.000000
-1.004287+0.039756j,0.693148-3.141594j,0.693147-3.141592j,0.000000
-1.004290+0.039797j,0.693148-3.141594j,0.693147-3.141592j,0.000000
-1.004293+0.039837j,0.693148-3.141594j,0.693147-3.141592j,0.000000
-1.004296+0.039878j,0.693148-3.141594j,0.693147-3.141592j,0.000000
-1.004300+0.039918j,0.693148-3.141594j,0.693147-3.141592j,0.000000
-1.004303+0.039959j,0.693148-3.141594j,0.693147-3.141592j,0.000000
-1.004306+0.039999j,0.693148-3.141594j,0.693147-3.141592j,0.000000
-1.004309+0.040039j,0.693148-3.141594j,0.693147-3.141592j,0.000000
-1.004313+0.040078j,0.693148-3.141594j,0.693147-3.141592j,0.000000
-1.004316+0.040118j,0.693148-3.141594j,0.693147-3.141592j,0.000000
-1.004319+0.040157j,0.693148-3.141594j,0.693147-3.141592j,0.000000
-1.004322+0.040196j,0.693148-3.141594j,0.693147-3.141592j,0.000000
-1.004326+0.040235j,0.693148-3.141594j,0.693147-3.141592j,0.000000
-1.004329+0.040274j,0.693148-3.141594j,0.693147-3.141592j,0.000000
-1.004332+0.040313j,0.693148-3.141594j,0.693147-3.141592j,0.000000
-1.004335+0.040352j,0.693148-3.141594j,0.693147-3.141591j,0.000000
-1.004339+0.040390j,0.693148-3.141594j,0.693147-3.141591j,0.000000
-1.004342+0.040428j,0.693148-3.141594j,0.693147-3.141591j,0.000000
-1.004345+0.040466j,0.693148-3.141594j,0.693147-3.141591j,0.000000
-1.004349+0.040504j,0.693148-3.141594j,0.693147-3.141591j,0.000000
-1.004352+0.040542j,0.693148-3.141594j,0.693147-3.141591j,0.000000
-1.004355+0.040580j,0.693148-3.141594j,0.693147-3.141591j,0.000000
-1.004358+0.040617j,0.693148-3.141594j,0.693147-3.141591j,0.000000
-1.004362+0.040655j,0.693148-3.141594j,0.693147-3.141591j,0.000000
-1.004365+0.040692j,0.693148-3.141594j,0.693147-3.141591j,0.000000
-1.004368+0.040729j,0.693148-3.141594j,0.693147-3.141591j,0.000000
-1.004372+0.040766j,0.693148-3.141594j,0.693147-3.141591j,0.000000
-1.004375+0.040802j,0.693148-3.141594j,0.693147-3.141591j,0.000000
-1.004378+0.040839j,0.693148-3.141594j,0.693147-3.141591j,0.000000
-1.004382+0.040875j,0.693148-3.141594j,0.693147-3.141591j,0.000000
-1.004385+0.040912j,0.693148-3.141594j,0.693147-3.141591j,0.000000
-1.004388+0.040948j,0.693148-3.141594j,0.693147-3.141591j,0.000000
-1.004392+0.040984j,0.693148-3.141594j,0.693147-3.141591j,0.000000
-1.004395+0.041020j,0.693148-3.141594j,0.693147-3.141591j,0.000000
-1.004398+0.041056j,0.693148-3.141594j,0.693147-3.141591j,0.000000
-1.004401+0.041091j,0.693148-3.141594j,0.693147-3.141591j,0.000000
-1.004405+0.041127j,0.693148-3.141594j,0.693147-3.141591j,0.000000
-1.004408+0.041162j,0.693148-3.141594j,0.693147-3.141591j,0.000000
-1.004411+0.041197j,0.693148-3.141594j,0.693147-3.141591j,0.000000
-1.004415+0.041233j,0.693148-3.141594j,0.693147-3.141591j,0.000000
-1.004418+0.041268j,0.693148-3.141594j,0.693147-3.141591j,0.000000
-1.004421+0.041302j,0.693148-3.141594j,0.693147-3.141591j,0.000000
-1.004424+0.041337j,0.693148-3.141594j,0.693147-3.141591j,0.000000
-1.004428+0.041372j,0.693148-3.141594j,0.693147-3.141591j,0.000000
-1.004431+0.041406j,0.693148-3.141594j,0.693147-3.141591j,0.000000
-1.004434+0.041441j,0.693148-3.141594j,0.693147-3.141591j,0.000000
-1.004438+0.041475j,0.693148-3.141594j,0.693147-3.141591j,0.000000
-1.004441+0.041509j,0.693148-3.141594j,0.693147-3.141591j,0.000000
-1.004444+0.041543j,0.693148-3.141594j,0.693147-3.141591j,0.000000
-1.004447+0.041577j,0.693148-3.141594j,0.693147-3.141591j,0.000000
-1.004451+0.041611j,0.693148-3.141594j,0.693147-3.141591j,0.000000
-1.004454+0.041644j,0.693148-3.141594j,0.693147-3.141591j,0.000000
-1.004457+0.041678j,0.693148-3.141594j,0.693147-3.141591j,0.000000
-1.004461+0.041711j,0.693148-3.141594j,0.693147-3.141591j,0.000000
-1.004464+0.041745j,0.693148-3.141594j,0.693147-3.141591j,0.000000
-1.004467+0.041778j,0.693148-3.141594j,0.693147-3.141591j,0.000000
-1.004470+0.041811j,0.693148-3.141594j,0.693147-3.141591j,0.000000
-1.004474+0.041844j,0.693148-3.141594j,0.693147-3.141591j,0.000000
-1.004477+0.041877j,0.693148-3.141594j,0.693147-3.141591j,0.000000
-1.004480+0.041909j,0.693148-3.141594j,0.693147-3.141591j,0.000000
-1.004483+0.041942j,0.693148-3.141594j,0.693146-3.141591j,0.000000
-1.004487+0.041975j,0.693148-3.141594j,0.693146-3.141591j,0.000000
-1.004490+0.042007j,0.693148-3.141594j,0.693146-3.141591j,0.000000
-1.004493+0.042039j,0.693148-3.141594j,0.693146-3.141591j,0.000000
-1.004496+0.042072j,0.693148-3.141594j,0.693146-3.141591j,0.000000
-1.004499+0.042104j,0.693148-3.141594j,0.693146-3.141591j,0.000000
-1.004503+0.042136j,0.693148-3.141594j,0.693146-3.141591j,0.000000
-1.004506+0.042168j,0.693148-3.141594j,0.693146-3.141591j,0.000000
-1.004509+0.042199j,0.693148-3.141594j,0.693146-3.141591j,0.000000
-1.004512+0.042231j,0.693148-3.141594j,0.693146-3.141591j,0.000000
-1.004516+0.042263j,0.693148-3.141594j,0.693146-3.141591j,0.000000
-1.004519+0.042294j,0.693148-3.141594j,0.693146-3.141591j,0.000000
-1.004522+0.042326j,0.693148-3.141594j,0.693146-3.141591j,0.000000
-1.004525+0.042357j,0.693148-3.141594j,0.693146-3.141591j,0.000000
-1.004528+0.042388j,0.693148-3.141594j,0.693146-3.141591j,0.000000
-1.004531+0.042419j,0.693148-3.141594j,0.693146-3.141591j,0.000000
-1.004535+0.042450j,0.693148-3.141594j,0.693146-3.141591j,0.000000
-1.004538+0.042481j,0.693148-3.141594j,0.693146-3.141591j,0.000000
-1.004541+0.042512j,0.693148-3.141594j,0.693146-3.141591j,0.000000
-1.004544+0.042543j,0.693148-3.141594j,0.693146-3.141591j,0.000000
-1.004547+0.042573j,0.693148-3.141594j,0.693146-3.141591j,0.000000
-1.004550+0.042604j,0.693148-3.141594j,0.693146-3.141591j,0.000000
-1.004554+0.042634j,0.693148-3.141594j,0.693146-3.141591j,0.000000
-1.004557+0.042665j,0.693148-3.141594j,0.693146-3.141591j,0.000000
-1.004560+0.042695j,0.693148-3.141594j,0.693146-3.141591j,0.000000
-1.004563+0.042725j,0.693148-3.141594j,0.693146-3.141591j,0.000000
-1.004566+0.042755j,0.693148-3.141594j,0.693146-3.141591j,0.000000
-1.004569+0.042785j,0.693148-3.141594j,0.693146-3.141591j,0.000000
-1.004572+0.042815j,0.693148-3.141594j,0.693146-3.141591j,0.000000
-1.004576+0.042845j,0.693148-3.141594j,0.693146-3.141591j,0.000000
-1.004579+0.042875j,0.693148-3.141594j,0.693146-3.141591j,0.000000
-1.004582+0.042904j,0.693148-3.141594j,0.693146-3.141591j,0.000000
-1.004585+0.042934j,0.693148-3.141594j,0.693146-3.141591j,0.000000
-1.004588+0.042963j,0.693148-3.141594j,0.693146-3.141591j,0.000000
-1.004591+0.042993j,0.693148-3.141594j,0.693146-3.141591j,0.000000
-1.004594+0.043022j,0.693148-3.141594j,0.693146-3.141591j,0.000000
-1.004597+0.043051j,0.693148-3.141594j,0.693146-3.141591j,0.000000
-1.004600+0.043080j,0.693148-3.141594j,0.693146-3.141591j,0.000000
-1.004603+0.043109j,0.693148-3.141594j,0.693146-3.141591j,0.000000
-1.004606+0.043138j,0.693148-3.141594j,0.693146-3.141591j,0.000000
-1.004609+0.043167j,0.693148-3.141594j,0.693146-3.141591j,0.000000
-1.004613+0.043196j,0.693148-3.141594j,0.693146-3.141591j,0.000000
-1.004616+0.043225j,0.693148-3.141594j,0.693146-3.141591j,0.000000
-1.004619+0.043254j,0.693148-3.141594j,0.693146-3.141591j,0.000000
-1.004622+0.043282j,0.693148-3.141594j,0.693146-3.141591j,0.000000
-1.004625+0.043311j,0.693148-3.141594j,0.693146-3.141591j,0.000000
-1.004628+0.043339j,0.693148-3.141594j,0.693146-3.141591j,0.000000
-1.004631+0.043367j,0.693148-3.141594j,0.693146-3.141591j,0.000000
-1.004634+0.043396j,0.693148-3.141594j,0.693146-3.141591j,0.000000
-1.004637+0.043424j,0.693148-3.141594j,0.693146-3.141591j,0.000000
-1.004640+0.043452j,0.693148-3.141594j,0.693146-3.141591j,0.000000
-1.004643+0.043480j,0.693148-3.141594j,0.693146-3.141591j,0.000000
-1.004646+0.043508j,0.693148-3.141594j,0.693146-3.141591j,0.000000
-1.004649+0.043536j,0.693148-3.141594j,0.693146-3.141591j,0.000000
-1.004652+0.043564j,0.693148-3.141594j,0.693146-3.141591j,0.000000
-1.004655+0.043591j,0.693148-3.141594j,0.693146-3.141591j,0.000000
-1.004658+0.043619j,0.693148-3.141594j,0.693146-3.141591j,0.000000
-1.004661+0.043646j,0.693148-3.141594j,0.693146-3.141591j,0.000000
-1.004664+0.043674j,0.693148-3.141594j,0.693146-3.141591j,0.000000
-1.004667+0.043701j,0.693148-3.141594j,0.693146-3.141591j,0.000000
-1.004670+0.043729j,0.693148-3.141594j,0.693146-3.141591j,0.000000
-1.004673+0.043756j,0.693148-3.141594j,0.693146-3.141591j,0.000000
-1.004676+0.043783j,0.693148-3.141594j,0.693146-3.141591j,0.000000
-1.004678+0.043810j,0.693148-3.141594j,0.693146-3.141591j,0.000000
-1.004681+0.043838j,0.693148-3.141594j,0.693146-3.141591j,0.000000
-1.004684+0.043865j,0.693148-3.141594j,0.693146-3.141591j,0.000000
-1.004687+0.043891j,0.693148-3.141594j,0.693146-3.141591j,0.000000
-1.004690+0.043918j,0.693148-3.141594j,0.693146-3.141591j,0.000000
-1.004693+0.043945j,0.693148-3.141594j,0.693146-3.141591j,0.000000
-1.004696+0.043972j,0.693148-3.141594j,0.693146-3.141591j,0.000000
-1.004699+0.043999j,0.693148-3.141594j,0.693146-3.141591j,0.000000
-1.004702+0.044025j,0.693148-3.141594j,0.693146-3.141591j,0.000000
-1.004705+0.044052j,0.693148-3.141594j,0.693146-3.141591j,0.000000
-1.004708+0.044078j,0.693148-3.141594j,0.693146-3.141591j,0.000000
-1.004711+0.044105j,0.693148-3.141594j,0.693146-3.141591j,0.000000
-1.004713+0.044131j,0.693148-3.141594j,0.693146-3.141591j,0.000000
-1.004716+0.044157j,0.693148-3.141594j,0.693146-3.141591j,0.000000
-1.004719+0.044183j,0.693148-3.141594j,0.693146-3.141591j,0.000000
-1.004722+0.044210j,0.693148-3.141594j,0.693146-3.141591j,0.000000
-1.004725+0.044236j,0.693148-3.141594j,0.693146-3.141591j,0.000000
-1.004728+0.044262j,0.693148-3.141594j,0.693146-3.141591j,0.000000
-1.004731+0.044288j,0.693148-3.141594j,0.693146-3.141591j,0.000000
-1.004733+0.044313j,0.693148-3.141594j,0.693146-3.141591j,0.000000
-1.004736+0.044339j,0.693148-3.141594j,0.693146-3.141591j,0.000000
-1.004739+0.044365j,0.693148-3.141594j,0.693146-3.141591j,0.000000
-1.004742+0.044391j,0.693148-3.141594j,0.693146-3.141591j,0.000000
-1.004745+0.044416j,0.693148-3.141594j,0.693146-3.141591j,0.000000
-1.004748+0.044442j,0.693148-3.141594j,0.693146-3.141591j,0.000000
-1.004750+0.044467j,0.693148-3.141594j,0.693146-3.141591j,0.000000
-1.004753+0.044493j,0.693148-3.141594j,0.693146-3.141591j,0.000000
-1.004756+0.044518j,0.693148-3.141594j,0.693146-3.141591j,0.000000
-1.004759+0.044544j,0.693148-3.141594j,0.693146-3.141591j,0.000000
-1.004762+0.044569j,0.693148-3.141594j,0.693146-3.141591j,0.000000
-1.004764+0.044594j,0.693148-3.141594j,0.693146-3.141591j,0.000000
-1.004767+0.044619j,0.693148-3.141594j,0.693146-3.141591j,0.000000
-1.004770+0.044644j,0.693148-3.141594j,0.693146-3.141591j,0.000000
-1.004773+0.044669j,0.693148-3.141594j,0.693146-3.141591j,0.000000
-1.004776+0.044694j,0.693148-3.141594j,0.693146-3.141591j,0.000000
-1.004778+0.044719j,0.693148-3.141594j,0.693146-3.141591j,0.000000
-1.004781+0.044744j,0.693148-3.141594j,0.693146-3.141591j,0.000000
-1.004784+0.044769j,0.693148-3.141594j,0.693146-3.141591j,0.000000
-1.004787+0.044794j,0.693148-3.141594j,0.693146-3.141591j,0.000000
-1.004789+0.044818j,0.693148-3.141594j,0.693146-3.141591j,0.000000
-1.004792+0.044843j,0.693148-3.141594j,0.693146-3.141591j,0.000000
-1.004795+0.044868j,0.693148-3.141594j,0.693146-3.141591j,0.000000
-1.004798+0.044892j,0.693148-3.141594j,0.693146-3.141591j,0.000000
-1.004800+0.044917j,0.693148-3.141594j,0.693146-3.141591j,0.000000
-1.004803+0.044941j,0.693148-3.141595j,0.693146-3.141591j,0.000000
-1.004806+0.044965j,0.693148-3.141595j,0.693146-3.141591j,0.000000
-1.004808+0.044990j,0.693148-3.141595j,0.693146-3.141591j,0.000000
-1.004811+0.045014j,0.693148-3.141595j,0.693146-3.141591j,0.000000
-1.004814+0.045038j,0.693148-3.141595j,0.693146-3.141591j,0.000000
-1.004817+0.045062j,0.693148-3.141595j,0.693146-3.141591j,0.000000
-1.004819+0.045086j,0.693148-3.141595j,0.693146-3.141591j,0.000000
-1.004822+0.045110j,0.693148-3.141595j,0.693146-3.141591j,0.000000
-1.004825+0.045134j,0.693148-3.141595j,0.693146-3.141591j,0.000000
-1.004827+0.045158j,0.693148-3.141595j,0.693146-3.141591j,0.000000
-1.004830+0.045182j,0.693148-3.141595j,0.693146-3.141591j,0.000000
-1.004833+0.045206j,0.693148-3.141595j,0.693146-3.141591j,0.000000
-1.004835+0.045230j,0.693148-3.141595j,0.693146-3.141591j,0.000000
-1.004838+0.045253j,0.693148-3.141595j,0.693146-3.141591j,0.000000
-1.004841+0.045277j,0.693148-3.141595j,0.693146-3.141591j,0.000000
-1.004843+0.045301j,0.693148-3.141595j,0.693146-3.141591j,0.000000
-1.004846+0.045324j,0.693148-3.141595j,0.693146-3.141591j,0.000000
-1.004848+0.045348j,0.693148-3.141595j,0.693146-3.141591j,0.000000
-1.004851+0.045371j,0.693148-3.141595j,0.693146-3.141591j,0.000000
-1.004854+0.045395j,0.693148-3.141595j,0.693146-3.141591j,0.000000
-1.004856+0.045418j,0.693148-3.141595j,0.693146-3.141591j,0.000000
-1.004859+0.045441j,0.693148-3.141595j,0.693146-3.141591j,0.000000
-1.004862+0.045465j,0.693148-3.141595j,0.693146-3.141591j,0.000000
-1.004864+0.045488j,0.693148-3.141595j,0.693146-3.141591j,0.000000
-1.004867+0.045511j,0.693148-3.141595j,0.693146-3.141591j,0.000000
-1.004869+0.045534j,0.693148-3.141595j,0.693146-3.141591j,0.000000
-1.004872+0.045557j,0.693148-3.141595j,0.693146-3.141591j,0.000000
-1.004875+0.045580j,0.693148-3.141595j,0.693146-3.141591j,0.000000
-1.004877+0.045603j,0.693148-3.141595j,0.693146-3.141591j,0.000000
-1.004880+0.045626j,0.693148-3.141595j,0.693146-3.141591j,0.000000
-1.004882+0.045649j,0.693148-3.141595j,0.693146-3.141591j,0.000000
-1.004885+0.045672j,0.693148-3.141595j,0.693146-3.141591j,0.000000
-1.004888+0.045695j,0.693148-3.141595j,0.693146-3.141591j,0.000000
-1.004890+0.045717j,0.693148-3.141595j,0.693146-3.141591j,0.000000
-1.004893+0.045740j,0.693148-3.141595j,0.693146-3.141591j,0.000000
-1.004895+0.045763j,0.693148-3.141595j,0.693146-3.141591j,0.000000
-1.004898+0.045785j,0.693148-3.141595j,0.693146-3.141591j,0.000000
-1.004900+0.045808j,0.693148-3.141595j,0.693146-3.141591j,0.000000
-1.004903+0.045830j,0.693148-3.141595j,0.693146-3.141591j,0.000000
-1.004905+0.045853j,0.693148-3.141595j,0.693146-3.141591j,0.000000
-1.004908+0.045875j,0.693148-3.141595j,0.693146-3.141591j,0.000000
-1.004910+0.045898j,0.693148-3.141595j,0.693146-3.141591j,0.000000
-1.004913+0.045920j,0.693148-3.141595j,0.693146-3.141591j,0.000000
-1.004916+0.045942j,0.693148-3.141595j,0.693146-3.141591j,0.000000
-1.004918+0.045965j,0.693148-3.141595j,0.693146-3.141591j,0.000000
-1.004921+0.045987j,0.693148-3.141595j,0.693146-3.141591j,0.000000
-1.004923+0.046009j,0.693148-3.141595j,0.693146-3.141591j,0.000000
-1.004926+0.046031j,0.693148-3.141595j,0.693146-3.141591j,0.000000
-1.004928+0.046053j,0.693148-3.141595j,0.693146-3.141591j,0.000000
-1.004931+0.046075j,0.693148-3.141595j,0.693146-3.141591j,0.000000
-1.004933+0.046097j,0.693148-3.141595j,0.693146-3.141591j,0.000000
-1.004936+0.046119j,0.693148-3.141595j,0.693146-3.141591j,0.000000
-1.004938+0.046141j,0.693148-3.141595j,0.693146-3.141591j,0.000000
-1.004940+0.046163j,0.693148-3.141595j,0.693146-3.141591j,0.000000
-1.004943+0.046185j,0.693148-3.141595j,0.693146-3.141591j,0.000000
-1.004945+0.046206j,0.693148-3.141595j,0.693146-3.141591j,0.000000
-1.004948+0.046228j,0.693148-3.141595j,0.693146-3.141591j,0.000000
-1.004950+0.046250j,0.693148-3.141595j,0.693146-3.141591j,0.000000
-1.004953+0.046271j,0.693148-3.141595j,0.693146-3.141591j,0.000000
-1.004955+0.046293j,0.693148-3.141595j,0.693146-3.141591j,0.000000
-1.004958+0.046315j,0.693148-3.141595j,0.693146-3.141591j,0.000000
-1.004960+0.046336j,0.693148-3.141595j,0.693146-3.141591j,0.000000
-1.004963+0.046358j,0.693148-3.141595j,0.693146-3.141591j,0.000000
-1.004965+0.046379j,0.693148-3.141595j,0.693146-3.141591j,0.000000
-1.004967+0.046400j,0.693148-3.141595j,0.693146-3.141591j,0.000000
-1.004970+0.046422j,0.693148-3.141595j,0.693146-3.141591j,0.000000
-1.004972+0.046443j,0.693148-3.141595j,0.693146-3.141591j,0.000000
-1.004975+0.046464j,0.693148-3.141595j,0.693146-3.141591j,0.000000
-1.004977+0.046485j,0.693148-3.141595j,0.693146-3.141591j,0.000000
-1.004980+0.046507j,0.693148-3.141595j,0.693146-3.141591j,0.000000
-1.004982+0.046528j,0.693148-3.141595j,0.693146-3.141591j,0.000000
-1.004984+0.046549j,0.693148-3.141595j,0.693146-3.141591j,0.000000
-1.004987+0.046570j,0.693148-3.141595j,0.693146-3.141591j,0.000000
-1.004989+0.046591j,0.693148-3.141595j,0.693146-3.141591j,0.000000
-1.004992+0.046612j,0.693148-3.141595j,0.693146-3.141590j,0.000000
-1.004994+0.046633j,0.693148-3.141595j,0.693146-3.141590j,0.000000
-1.004996+0.046654j,0.693148-3.141595j,0.693146-3.141590j,0.000000
-1.004999+0.046675j,0.693148-3.141595j,0.693146-3.141590j,0.000000
-1.005001+0.046696j,0.693148-3.141595j,0.693146-3.141590j,0.000000
-1.005003+0.046716j,0.693148-3.141595j,0.693146-3.141590j,0.000000
-1.005006+0.046737j,0.693148-3.141595j,0.693146-3.141590j,0.000000
-1.005008+0.046758j,0.693148-3.141595j,0.693146-3.141590j,0.000000
-1.005011+0.046779j,0.693148-3.141595j,0.693146-3.141590j,0.000000
-1.005013+0.046799j,0.693148-3.141595j,0.693146-3.141590j,0.000000
-1.005015+0.046820j,0.693148-3.141595j,0.693146-3.141590j,0.000000
-1.005018+0.046840j,0.693148-3.141595j,0.693146-3.141590j,0.000000
-1.005020+0.046861j,0.693148-3.141595j,0.693146-3.141590j,0.000000
-1.005022+0.046882j,0.693148-3.141595j,0.693146-3.141590j,0.000000
-1.005025+0.046902j,0.693148-3.141595j,0.693146-3.141590j,0.000000
-1.005027+0.046922j,0.693148-3.141595j,0.693146-3.141590j,0.000000
-1.005029+0.046943j,0.693148-3.141595j,0.693146-3.141590j,0.000000
-1.005032+0.046963j,0.693148-3.141595j,0.693146-3.141590j,0.000000
-1.005034+0.046983j,0.693148-3.141595j,0.693146-3.141590j,0.000000
-1.005036+0.047004j,0.693148-3.141595j,0.693146-3.141590j,0.000000
-1.005039+0.047024j,0.693148-3.141595j,0.693146-3.141590j,0.000000
-1.005041+0.047044j,0.693148-3.141595j,0.693146-3.141590j,0.000000
-1.005043+0.047064j,0.693148-3.141595j,0.693146-3.141590j,0.000000
-1.005045+0.047085j,0.693148-3.141595j,0.693146-3.141590j,0.000000
-1.005048+0.047105j,0.693148-3.141595j,0.693146-3.141590j,0.000000
-1.005050+0.047125j,0.693148-3.141595j,0.693146-3.141590j,0.000000
-1.005052+0.047145j,0.693148-3.141595j,0.693146-3.141590j,0.000000
-1.005055+0.047165j,0.693148-3.141595j,0.693146-3.141590j,0.000000
-1.005057+0.047185j,0.693148-3.141595j,0.693146-3.141590j,0.000000
-1.005059+0.047205j,0.693148-3.141595j,0.693146-3.141590j,0.000000
-1.005061+0.047225j,0.693148-3.141595j,0.693146-3.141590j,0.000000
-1.005064+0.047244j,0.693148-3.141595j,0.693146-3.141590j,0.000000
-1.005066+0.047264j,0.693148-3.141595j,0.693146-3.141590j,0.000000
-1.005068+0.047284j,0.693148-3.141595j,0.693146-3.141590j,0.000000
-1.005071+0.047304j,0.693148-3.141595j,0.693146-3.141590j,0.000000
-1.005073+0.047324j,0.693148-3.141595j,0.693146-3.141590j,0.000000
-1.005075+0.047343j,0.693148-3.141595j,0.693146-3.141590j,0.000000
-1.005077+0.047363j,0.693148-3.141595j,0.693146-3.141590j,0.000000
-1.005080+0.047383j,0.693148-3.141595j,0.693146-3.141590j,0.000000
-1.005082+0.047402j,0.693148-3.141595j,0.693146-3.141590j,0.000000
-1.005084+0.047422j,0.693148-3.141595j,0.693146-3.141590j,0.000000
-1.005086+0.047441j,0.693148-3.141595j,0.693146-3.141590j,0.000000
-1.005088+0.047461j,0.693148-3.141595j,0.693146-3.141590j,0.000000
-1.005091+0.047480j,0.693148-3.141595j,0.693146-3.141590j,0.000000
-1.005093+0.047500j,0.693148-3.141595j,0.693146-3.141590j,0.000000
-1.005095+0.047519j,0.693148-3.141595j,0.693146-3.141590j,0.000000
-1.005097+0.047538j,0.693148-3.141595j,0.693146-3.141590j,0.000000
-1.005100+0.047558j,0.693148-3.141595j,0.693146-3.141590j,0.000000
-1.005102+0.047577j,0.693148-3.141595j,0.693146-3.141590j,0.000000
-1.005104+0.047596j,0.693148-3.141595j,0.693146-3.141590j,0.000000
-1.005106+0.047616j,0.693148-3.141595j,0.693146-3.141590j,0.000000
-1.005108+0.047635j,0.693148-3.141595j,0.693146-3.141590j,0.000000
-1.005111+0.047654j,0.693148-3.141595j,0.693146-3.141590j,0.000000
-1.005113+0.047673j,0.693148-3.141595j,0.693146-3.141590j,0.000000
-1.005115+0.047692j,0.693148-3.141595j,0.693146-3.141590j,0.000000
-1.005117+0.047711j,0.693148-3.141595j,0.693146-3.141590j,0.000000
-1.005119+0.047730j,0.693148-3.141595j,0.693146-3.141590j,0.000000
-1.005122+0.047749j,0.693148-3.141595j,0.693146-3.141590j,0.000000
-1.005124+0.047768j,0.693148-3.141595j,0.693146-3.141590j,0.000000
-1.005126+0.047787j,0.693148-3.141595j,0.693146-3.141590j,0.000000
-1.005128+0.047806j,0.693148-3.141595j,0.693146-3.141590j,0.000000
-1.005130+0.047825j,0.693148-3.141595j,0.693146-3.141590j,0.000000
-1.005132+0.047844j,0.693148-3.141595j,0.693146-3.141590j,0.000000
-1.005135+0.047863j,0.693148-3.141595j,0.693146-3.141590j,0.000000
-1.005137+0.047882j,0.693148-3.141595j,0.693146-3.141590j,0.000000
-1.005139+0.047900j,0.693148-3.141595j,0.693146-3.141590j,0.000000
-1.005141+0.047919j,0.693148-3.141595j,0.693146-3.141590j,0.000000
-1.005143+0.047938j,0.693148-3.141595j,0.693146-3.141590j,0.000000
-1.005145+0.047957j,0.693148-3.141595j,0.693146-3.141590j,0.000000
-1.005147+0.047975j,0.693148-3.141595j,0.693146-3.141590j,0.000000
-1.005150+0.047994j,0.693148-3.141595j,0.693146-3.141590j,0.000000
-1.005152+0.048012j,0.693148-3.141595j,0.693146-3.141590j,0.000000
-1.005154+0.048031j,0.693148-3.141595j,0.693146-3.141590j,0.000000
-1.005156+0.048049j,0.693148-3.141595j,0.693146-3.141590j,0.000000
-1.005158+0.048068j,0.693148-3.141595j,0.693146-3.141590j,0.000000
-1.005160+0.048086j,0.693148-3.141595j,0.693146-3.141590j,0.000000
-1.005162+0.048105j,0.693148-3.141595j,0.693146-3.141590j,0.000000
-1.005164+0.048123j,0.693148-3.141595j,0.693146-3.141590j,0.000000
-1.005167+0.048142j,0.693148-3.141595j,0.693146-3.141590j,0.000000
-1.005169+0.048160j,0.693148-3.141595j,0.693146-3.141590j,0.000000
-1.005171+0.048178j,0.693148-3.141595j,0.693146-3.141590j,0.000000
-1.005173+0.048197j,0.693148-3.141595j,0.693146-3.141590j,0.000000
-1.005175+0.048215j,0.693148-3.141595j,0.693146-3.141590j,0.000000
-1.005177+0.048233j,0.693148-3.141595j,0.693146-3.141590j,0.000000
-1.005179+0.048252j,0.693148-3.141595j,0.693146-3.141590j,0.000000
-1.005181+0.048270j,0.693148-3.141595j,0.693146-3.141590j,0.000000
-1.005183+0.048288j,0.693148-3.141595j,0.693146-3.141590j,0.000000
-1.005185+0.048306j,0.693148-3.141595j,0.693146-3.141590j,0.000000
-1.005187+0.048324j,0.693148-3.141595j,0.693146-3.141590j,0.000000
-1.005190+0.048342j,0.693148-3.141595j,0.693146-3.141590j,0.000000
-1.005192+0.048360j,0.693148-3.141595j,0.693146-3.141590j,0.000000
-1.005194+0.048378j,0.693148-3.141595j,0.693146-3.141590j,0.000000
-1.005196+0.048396j,0.693148-3.141595j,0.693146-3.141590j,0.000000
-1.005198+0.048414j,0.693148-3.141595j,0.693146-3.141590j,0.000000
-1.005200+0.048432j,0.693148-3.141595j,0.693146-3.141590j,0.000000
-1.005202+0.048450j,0.693148-3.141595j,0.693146-3.141590j,0.000000
-1.005204+0.048468j,0.693148-3.141595j,0.693146-3.141590j,0.000000
-1.005206+0.048486j,0.693148-3.141595j,0.693146-3.141590j,0.000000
-1.005208+0.048504j,0.693148-3.141595j,0.693146-3.141590j,0.000000
-1.005210+0.048522j,0.693148-3.141595j,0.693146-3.141590j,0.000000
-1.005212+0.048539j,0.693148-3.141595j,0.693146-3.141590j,0.000000
-1.005214+0.048557j,0.693148-3.141595j,0.693146-3.141590j,0.000000
-1.005216+0.048575j,0.693148-3.141595j,0.693146-3.141590j,0.000000
-1.005218+0.048593j,0.693148-3.141595j,0.693146-3.141590j,0.000000
-1.005220+0.048610j,0.693148-3.141595j,0.693146-3.141590j,0.000000
-1.005222+0.048628j,0.693148-3.141595j,0.693146-3.141590j,0.000000
-1.005224+0.048646j,0.693148-3.141595j,0.693146-3.141590j,0.000000
-1.005226+0.048663j,0.693148-3.141595j,0.693146-3.141590j,0.000000
-1.005228+0.048681j,0.693148-3.141595j,0.693146-3.141590j,0.000000
-1.005230+0.048698j,0.693148-3.141595j,0.693146-3.141590j,0.000000
-1.005232+0.048716j,0.693148-3.141595j,0.693146-3.141590j,0.000000
-1.005234+0.048733j,0.693148-3.141595j,0.693146-3.141590j,0.000000
-1.005236+0.048751j,0.693148-3.141595j,0.693146-3.141590j,0.000000
-1.005238+0.048768j,0.693148-3.141595j,0.693146-3.141590j,0.000000
-1.005240+0.048786j,0.693148-3.141595j,0.693146-3.141590j,0.000000
-1.005242+0.048803j,0.693148-3.141595j,0.693146-3.141590j,0.000000
-1.005244+0.048820j,0.693148-3.141595j,0.693146-3.141590j,0.000000
-1.005246+0.048838j,0.693148-3.141595j,0.693146-3.141590j,0.000000
-1.005248+0.048855j,0.693148-3.141595j,0.693146-3.141590j,0.000000
-1.005250+0.048872j,0.693148-3.141595j,0.693146-3.141590j,0.000000
-1.005252+0.048890j,0.693148-3.141595j,0.693146-3.141590j,0.000000
-1.005254+0.048907j,0.693148-3.141595j,0.693146-3.141590j,0.000000
-1.005256+0.048924j,0.693148-3.141595j,0.693146-3.141590j,0.000000
-1.005258+0.048941j,0.693148-3.141595j,0.693146-3.141590j,0.000000
-1.005260+0.048958j,0.693148-3.141595j,0.693146-3.141590j,0.000000
-1.005262+0.048976j,0.693148-3.141595j,0.693146-3.141590j,0.000000
-1.005264+0.048993j,0.693148-3.141595j,0.693146-3.141590j,0.000000
-1.005266+0.049010j,0.693148-3.141595j,0.693146-3.141590j,0.000000
-1.005268+0.049027j,0.693148-3.141595j,0.693146-3.141590j,0.000000
-1.005270+0.049044j,0.693148-3.141595j,0.693146-3.141590j,0.000000
-1.005272+0.049061j,0.693148-3.141595j,0.693146-3.141590j,0.000000
-1.005274+0.049078j,0.693148-3.141595j,0.693146-3.141590j,0.000000
-1.005276+0.049095j,0.693148-3.141595j,0.693146-3.141590j,0.000000
-1.005278+0.049112j,0.693148-3.141595j,0.693146-3.141590j,0.000000
-1.005280+0.049129j,0.693148-3.141595j,0.693146-3.141590j,0.000000
-1.005282+0.049146j,0.693148-3.141595j,0.693146-3.141590j,0.000000
-1.005284+0.049163j,0.693148-3.141595j,0.693146-3.141590j,0.000000
-1.005286+0.049180j,0.693148-3.141595j,0.693146-3.141590j,0.000000
-1.005288+0.049196j,0.693148-3.141595j,0.693146-3.141590j,0.000000
-1.005289+0.049213j,0.693148-3.141595j,0.693146-3.141590j,0.000000
-1.005291+0.049230j,0.693148-3.141595j,0.693146-3.141590j,0.000000
-1.005293+0.049247j,0.693148-3.141595j,0.693146-3.141590j,0.000000
-1.005295+0.049264j,0.693148-3.141595j,0.693146-3.141590j,0.000000
-1.005297+0.049280j,0.693148-3.141595j,0.693146-3.141590j,0.000000
-1.005299+0.049297j,0.693148-3.141595j,0.693146-3.141590j,0.000000
-1.005301+0.049314j,0.693148-3.141595j,0.693146-3.141590j,0.000000
-1.005303+0.049330j,0.693148-3.141595j,0.693146-3.141590j,0.000000
-1.005305+0.049347j,0.693148-3.141595j,0.693146-3.141590j,0.000000
-1.005307+0.049363j,0.693148-3.141595j,0.693146-3.141590j,0.000000
-1.005309+0.049380j,0.693148-3.141595j,0.693146-3.141590j,0.000000
-1.005311+0.049397j,0.693148-3.141595j,0.693146-3.141590j,0.000000
-1.005312+0.049413j,0.693148-3.141595j,0.693146-3.141590j,0.000000
-1.005314+0.049430j,0.693148-3.141595j,0.693146-3.141590j,0.000000
-1.005316+0.049446j,0.693148-3.141595j,0.693146-3.141590j,0.000000
-1.005318+0.049463j,0.693148-3.141595j,0.693146-3.141590j,0.000000
-1.005320+0.049479j,0.693148-3.141595j,0.693146-3.141590j,0.000000
-1.005322+0.049496j,0.693148-3.141595j,0.693146-3.141590j,0.000000
-1.005324+0.049512j,0.693148-3.141595j,0.693146-3.141590j,0.000000
-1.005326+0.049528j,0.693148-3.141595j,0.693146-3.141590j,0.000000
-1.005327+0.049545j,0.693148-3.141595j,0.693146-3.141590j,0.000000
-1.005329+0.049561j,0.693148-3.141595j,0.693146-3.141590j,0.000000
-1.005331+0.049577j,0.693148-3.141595j,0.693146-3.141590j,0.000000
-1.005333+0.049594j,0.693148-3.141595j,0.693146-3.141590j,0.000000
-1.005335+0.049610j,0.693148-3.141595j,0.693146-3.141590j,0.000000
-1.005337+0.049626j,0.693148-3.141595j,0.693146-3.141590j,0.000000
-1.005339+0.049642j,0.693148-3.141595j,0.693146-3.141590j,0.000000
-1.005341+0.049659j,0.693148-3.141595j,0.693146-3.141590j,0.000000
-1.005342+0.049675j,0.693148-3.141595j,0.693146-3.141590j,0.000000
-1.005344+0.049691j,0.693148-3.141595j,0.693146-3.141590j,0.000000
-1.005346+0.049707j,0.693148-3.141595j,0.693146-3.141590j,0.000000
-1.005348+0.049723j,0.693148-3.141595j,0.693146-3.141590j,0.000000
-1.005350+0.049739j,0.693148-3.141595j,0.693146-3.141590j,0.000000
-1.005352+0.049755j,0.693148-3.141595j,0.693146-3.141590j,0.000000
-1.005353+0.049772j,0.693148-3.141595j,0.693146-3.141590j,0.000000
-1.005355+0.049788j,0.693149-3.141595j,0.693146-3.141590j,0.000000
-1.005357+0.049804j,0.693149-3.141595j,0.693146-3.141590j,0.000000
-1.005359+0.049820j,0.693149-3.141595j,0.693146-3.141590j,0.000000
-1.005361+0.049836j,0.693149-3.141595j,0.693146-3.141590j,0.000000
-1.005363+0.049852j,0.693149-3.141595j,0.693146-3.141590j,0.000000
-1.005364+0.049867j,0.693149-3.141595j,0.693146-3.141590j,0.000000
-1.005366+0.049883j,0.693149-3.141596j,0.693146-3.141590j,0.000000
-1.005368+0.049899j,0.693149-3.141596j,0.693146-3.141590j,0.000000
-1.005370+0.049915j,0.693149-3.141596j,0.693146-3.141590j,0.000000
-1.005372+0.049931j,0.693149-3.141596j,0.693146-3.141590j,0.000000
-1.005374+0.049947j,0.693149-3.141596j,0.693146-3.141590j,0.000000
-1.005375+0.049963j,0.693149-3.141596j,0.693146-3.141590j,0.000000
-1.005377+0.049978j,0.693149-3.141596j,0.693146-3.141590j,0.000000
-1.005379+0.049994j,0.693149-3.141596j,0.693146-3.141590j,0.000000
-1.005381+0.050010j,0.693149-3.141596j,0.693146-3.141590j,0.000000
-1.005383+0.050026j,0.693149-3.141596j,0.693146-3.141590j,0.000000
-1.005384+0.050041j,0.693149-3.141596j,0.693146-3.141590j,0.000000
-1.005386+0.050057j,0.693149-3.141596j,0.693146-3.141590j,0.000000
-1.005388+0.050073j,0.693149-3.141596j,0.693146-3.141590j,0.000000
-1.005390+0.050088j,0.693149-3.141596j,0.693146-3.141590j,0.000000
-1.005392+0.050104j,0.693149-3.141596j,0.693146-3.141590j,0.000000
-1.005393+0.050120j,0.693149-3.141596j,0.693146-3.141590j,0.000000
-1.005395+0.050135j,0.693149-3.141596j,0.693146-3.141590j,0.000000
-1.005397+0.050151j,0.693149-3.141596j,0.693146-3.141590j,0.000000
-1.005399+0.050166j,0.693149-3.141596j,0.693146-3.141590j,0.000000
-1.005401+0.050182j,0.693149-3.141596j,0.693146-3.141590j,0.000000
-1.005402+0.050197j,0.693149-3.141596j,0.693146-3.141590j,0.000000
-1.005404+0.050213j,0.693149-3.141596j,0.693146-3.141590j,0.000000
-1.005406+0.050228j,0.693149-3.141596j,0.693146-3.141590j,0.000000
-1.005408+0.050244j,0.693149-3.141596j,0.693146-3.141590j,0.000000
-1.005409+0.050259j,0.693149-3.141596j,0.693146-3.141590j,0.000000
-1.005411+0.050275j,0.693149-3.141596j,0.693146-3.141590j,0.000000
-1.005413+0.050290j,0.693149-3.141596j,0.693146-3.141590j,0.000000
-1.005415+0.050306j,0.693149-3.141596j,0.693146-3.141590j,0.000000
-1.005416+0.050321j,0.693149-3.141596j,0.693146-3.141590j,0.000000
-1.005418+0.050336j,0.693149-3.141596j,0.693146-3.141590j,0.000000
-1.005420+0.050352j,0.693149-3.141596j,0.693146-3.141590j,0.000000
-1.005422+0.050367j,0.693149-3.141596j,0.693146-3.141590j,0.000000
-1.005423+0.050382j,0.693149-3.141596j,0.693146-3.141590j,0.000000
-1.005425+0.050397j,0.693149-3.141596j,0.693146-3.141590j,0.000000
-1.005427+0.050413j,0.693149-3.141596j,0.693146-3.141590j,0.000000
-1.005429+0.050428j,0.693149-3.141596j,0.693146-3.141590j,0.000000
-1.005430+0.050443j,0.693149-3.141596j,0.693146-3.141590j,0.000000
-1.005432+0.050458j,0.693149-3.141596j,0.693146-3.141590j,0.000000
-1.005434+0.050473j,0.693149-3.141596j,0.693146-3.141590j,0.000000
-1.005436+0.050489j,0.693149-3.141596j,0.693146-3.141590j,0.000000
-1.005437+0.050504j,0.693149-3.141596j,0.693146-3.141590j,0.000000
-1.005439+0.050519j,0.693149-3.141596j,0.693146-3.141590j,0.000000
-1.005441+0.050534j,0.693149-3.141596j,0.693146-3.141590j,0.000000
-1.005443+0.050549j,0.693149-3.141596j,0.693146-3.141590j,0.000000
-1.005444+0.050564j,0.693149-3.141596j,0.693146-3.141590j,0.000000
-1.005446+0.050579j,0.693149-3.141596j,0.693146-3.141590j,0.000000
-1.005448+0.050594j,0.693149-3.141596j,0.693146-3.141590j,0.000000
-1.005449+0.050609j,0.693149-3.141596j,0.693146-3.141590j,0.000000
-1.005451+0.050624j,0.693149-3.141596j,0.693146-3.141590j,0.000000
-1.005453+0.050639j,0.693149-3.141596j,0.693146-3.141590j,0.000000
-1.005455+0.050654j,0.693149-3.141596j,0.693146-3.141590j,0.000000
-1.005456+0.050669j,0.693149-3.141596j,0.693146-3.141590j,0.000000
-1.005458+0.050684j,0.693149-3.141596j,0.693146-3.141590j,0.000000
-1.005460+0.050699j,0.693149-3.141596j,0.693146-3.141590j,0.000000
-1.005461+0.050714j,0.693149-3.141596j,0.693146-3.141590j,0.000000
-1.005463+0.050729j,0.693149-3.141596j,0.693146-3.141590j,0.000000
-1.005465+0.050744j,0.693149-3.141596j,0.693146-3.141590j,0.000000
-1.005466+0.050758j,0.693149-3.141596j,0.693146-3.141590j,0.000000
-1.005468+0.050773j,0.693149-3.141596j,0.693146-3.141590j,0.000000
-1.005470+0.050788j,0.693149-3.141596j,0.693146-3.141590j,0.000000
-1.005472+0.050803j,0.693149-3.141596j,0.693146-3.141590j,0.000000
-1.005473+0.050818j,0.693149-3.141596j,0.693146-3.141590j,0.000000
-1.005475+0.050832j,0.693149-3.141596j,0.693146-3.141590j,0.000000
-1.005477+0.050847j,0.693149-3.141596j,0.693146-3.141590j,0.000000
-1.005478+0.050862j,0.693149-3.141596j,0.693146-3.141590j,0.000000
-1.005480+0.050876j,0.693149-3.141596j,0.693146-3.141590j,0.000000
-1.005482+0.050891j,0.693149-3.141596j,0.693146-3.141590j,0.000000
-1.005483+0.050906j,0.693149-3.141596j,0.693146-3.141590j,0.000000
-1.005485+0.050920j,0.693149-3.141596j,0.693146-3.141590j,0.000000
-1.005487+0.050935j,0.693149-3.141596j,0.693146-3.141590j,0.000000
-1.005488+0.050950j,0.693149-3.141596j,0.693146-3.141590j,0.000000
-1.005490+0.050964j,0.693149-3.141596j,0.693146-3.141590j,0.000000
-1.005492+0.050979j,0.693149-3.141596j,0.693146-3.141590j,0.000000
-1.005493+0.050993j,0.693149-3.141596j,0.693146-3.141590j,0.000000
-1.005495+0.051008j,0.693149-3.141596j,0.693146-3.141590j,0.000000
-1.005497+0.051022j,0.693149-3.141596j,0.693146-3.141590j,0.000000
-1.005498+0.051037j,0.693149-3.141596j,0.693146-3.141590j,0.000000
-1.005500+0.051051j,0.693149-3.141596j,0.693146-3.141590j,0.000000
-1.005502+0.051066j,0.693149-3.141596j,0.693146-3.141590j,0.000000
-1.005503+0.051080j,0.693149-3.141596j,0.693146-3.141590j,0.000000
-1.005505+0.051095j,0.693149-3.141596j,0.693146-3.141590j,0.000000
-1.005507+0.051109j,0.693149-3.141596j,0.693146-3.141590j,0.000000
-1.005508+0.051124j,0.693149-3.141596j,0.693146-3.141590j,0.000000
-1.005510+0.051138j,0.693149-3.141596j,0.693146-3.141590j,0.000000
-1.005511+0.051152j,0.693149-3.141596j,0.693146-3.141589j,0.000000
-1.005513+0.051167j,0.693149-3.141596j,0.693146-3.141589j,0.000000
-1.005515+0.051181j,0.693149-3.141596j,0.693146-3.141589j,0.000000
-1.005516+0.051195j,0.693149-3.141596j,0.693146-3.141589j,0.000000
-1.005518+0.051210j,0.693149-3.141596j,0.693146-3.141589j,0.000000
-1.005520+0.051224j,0.693149-3.141596j,0.693146-3.141589j,0.000000
-1.005521+0.051238j,0.693149-3.141596j,0.693146-3.141589j,0.000000
-1.005523+0.051253j,0.693149-3.141596j,0.693146-3.141589j,0.000000
-1.005525+0.051267j,0.693149-3.141596j,0.693146-3.141589j,0.000000
-1.005526+0.051281j,0.693149-3.141596j,0.693146-3.141589j,0.000000
-1.005528+0.051295j,0.693149-3.141596j,0.693146-3.141589j,0.000000
-1.005529+0.051309j,0.693149-3.141596j,0.693146-3.141589j,0.000000
-1.005531+0.051324j,0.693149-3.141596j,0.693146-3.141589j,0.000000
-1.005533+0.051338j,0.693149-3.141596j,0.693146-3.141589j,0.000000
-1.005534+0.051352j,0.693149-3.141596j,0.693146-3.141589j,0.000000
-1.005536+0.051366j,0.693149-3.141596j,0.693146-3.141589j,0.000000
-1.005537+0.051380j,0.693149-3.141596j,0.693146-3.141589j,0.000000
-1.005539+0.051394j,0.693149-3.141596j,0.693146-3.141589j,0.000000
-1.005541+0.051408j,0.693149-3.141596j,0.693146-3.141589j,0.000000
-1.005542+0.051422j,0.693149-3.141596j,0.693146-3.141589j,0.000000
-1.005544+0.051437j,0.693149-3.141596j,0.693146-3.141589j,0.000000
-1.005545+0.051451j,0.693149-3.141596j,0.693146-3.141589j,0.000000
-1.005547+0.051465j,0.693149-3.141596j,0.693146-3.141589j,0.000000
-1.005549+0.051479j,0.693149-3.141596j,0.693146-3.141589j,0.000000
-1.005550+0.051493j,0.693149-3.141596j,0.693146-3.141589j,0.000000
-1.005552+0.051507j,0.693149-3.141596j,0.693146-3.141589j,0.000000
-1.005553+0.051521j,0.693149-3.141596j,0.693146-3.141589j,0.000000
-1.005555+0.051535j,0.693149-3.141596j,0.693146-3.141589j,0.000000
-1.005557+0.051548j,0.693149-3.141596j,0.693146-3.141589j,0.000000
-1.005558+0.051562j,0.693149-3.141596j,0.693146-3.141589j,0.000000
-1.005560+0.051576j,0.693149-3.141596j,0.693146-3.141589j,0.000000
-1.005561+0.051590j,0.693149-3.141596j,0.693146-3.141589j,0.000000
-1.005563+0.051604j,0.693149-3.141596j,0.693146-3.141589j,0.000000
-1.005565+0.051618j,0.693149-3.141596j,0.693146-3.141589j,0.000000
-1.005566+0.051632j,0.693149-3.141596j,0.693146-3.141589j,0.000000
-1.005568+0.051646j,0.693149-3.141596j,0.693146-3.141589j,0.000000
-1.005569+0.051659j,0.693149-3.141596j,0.693146-3.141589j,0.000000
-1.005571+0.051673j,0.693149-3.141596j,0.693146-3.141589j,0.000000
-1.005572+0.051687j,0.693149-3.141596j,0.693146-3.141589j,0.000000
-1.005574+0.051701j,0.693149-3.141596j,0.693146-3.141589j,0.000000
-1.005576+0.051715j,0.693149-3.141596j,0.693146-3.141589j,0.000000
-1.005577+0.051728j,0.693149-3.141596j,0.693146-3.141589j,0.000000
-1.005579+0.051742j,0.693149-3.141596j,0.693146-3.141589j,0.000000
-1.005580+0.051756j,0.693149-3.141596j,0.693146-3.141589j,0.000000
-1.005582+0.051769j,0.693149-3.141596j,0.693146-3.141589j,0.000000
-1.005583+0.051783j,0.693149-3.141596j,0.693146-3.141589j,0.000000
-1.005585+0.051797j,0.693149-3.141596j,0.693146-3.141589j,0.000000
-1.005586+0.051810j,0.693149-3.141596j,0.693146-3.141589j,0.000000
-1.005588+0.051824j,0.693149-3.141596j,0.693146-3.141589j,0.000000
-1.005590+0.051838j,0.693149-3.141596j,0.693146-3.141589j,0.000000
-1.005591+0.051851j,0.693149-3.141596j,0.693146-3.141589j,0.000000
-1.005593+0.051865j,0.693149-3.141596j,0.693146-3.141589j,0.000000
-1.005594+0.051878j,0.693149-3.141596j,0.693146-3.141589j,0.000000
-1.005596+0.051892j,0.693149-3.141596j,0.693146-3.141589j,0.000000
-1.005597+0.051906j,0.693149-3.141596j,0.693146-3.141589j,0.000000
-1.005599+0.051919j,0.693149-3.141596j,0.693146-3.141589j,0.000000
-1.005600+0.051933j,0.693149-3.141596j,0.693146-3.141589j,0.000000
-1.005602+0.051946j,0.693149-3.141596j,0.693146-3.141589j,0.000000
-1.005603+0.051960j,0.693149-3.141596j,0.693146-3.141589j,0.000000
-1.005605+0.051973j,0.693149-3.141596j,0.693146-3.141589j,0.000000
-1.005606+0.051987j,0.693149-3.141596j,0.693146-3.141589j,0.000000
-1.005608+0.052000j,0.693149-3.141596j,0.693146-3.141589j,0.000000
-1.005610+0.052013j,0.693149-3.141596j,0.693146-3.141589j,0.000000
-1.005611+0.052027j,0.693149-3.141596j,0.693146-3.141589j,0.000000
-1.005613+0.052040j,0.693149-3.141596j,0.693146-3.141589j,0.000000
-1.005614+0.052054j,0.693149-3.141596j,0.693146-3.141589j,0.000000
-1.005616+0.052067j,0.693149-3.141596j,0.693146-3.141589j,0.000000
-1.005617+0.052080j,0.693149-3.141596j,0.693146-3.141589j,0.000000
-1.005619+0.052094j,0.693149-3.141596j,0.693146-3.141589j,0.000000
-1.005620+0.052107j,0.693149-3.141596j,0.693146-3.141589j,0.000000
-1.005622+0.052120j,0.693149-3.141596j,0.693146-3.141589j,0.000000
-1.005623+0.052134j,0.693149-3.141596j,0.693146-3.141589j,0.000000
-1.005625+0.052147j,0.693149-3.141596j,0.693146-3.141589j,0.000000
-1.005626+0.052160j,0.693149-3.141596j,0.693146-3.141589j,0.000000
-1.005628+0.052174j,0.693149-3.141596j,0.693146-3.141589j,0.000000
-1.005629+0.052187j,0.693149-3.141596j,0.693146-3.141589j,0.000000
-1.005631+0.052200j,0.693149-3.141596j,0.693146-3.141589j,0.000000
-1.005632+0.052213j,0.693149-3.141596j,0.693146-3.141589j,0.000000
-1.005634+0.052227j,0.693149-3.141596j,0.693146-3.141589j,0.000000
-1.005635+0.052240j,0.693149-3.141596j,0.693146-3.141589j,0.000000
-1.005637+0.052253j,0.693149-3.141596j,0.693146-3.141589j,0.000000
-1.005638+0.052266j,0.693149-3.141596j,0.693146-3.141589j,0.000000
-1.005640+0.052279j,0.693149-3.141596j,0.693146-3.141589j,0.000000
-1.005641+0.052292j,0.693149-3.141596j,0.693146-3.141589j,0.000000
-1.005643+0.052306j,0.693149-3.141596j,0.693146-3.141589j,0.000000
-1.005644+0.052319j,0.693149-3.141596j,0.693146-3.141589j,0.000000
-1.005646+0.052332j,0.693149-3.141596j,0.693146-3.141589j,0.000000
-1.005647+0.052345j,0.693149-3.141596j,0.693146-3.141589j,0.000000
-1.005649+0.052358j,0.693149-3.141596j,0.693146-3.141589j,0.000000
-1.005650+0.052371j,0.693149-3.141596j,0.693146-3.141589j,0.000000
-1.005652+0.052384j,0.693149-3.141596j,0.693146-3.141589j,0.000000
-1.005653+0.052397j,0.693149-3.141596j,0.693146-3.141589j,0.000000
-1.005655+0.052410j,0.693149-3.141596j,0.693146-3.141589j,0.000000
-1.005656+0.052423j,0.693149-3.141596j,0.693146-3.141589j,0.000000
-1.005658+0.052436j,0.693149-3.141596j,0.693146-3.141589j,0.000000
-1.005659+0.052449j,0.693149-3.141596j,0.693146-3.141589j,0.000000
-1.005660+0.052462j,0.693149-3.141596j,0.693146-3.141589j,0.000000
-1.005662+0.052475j,0.693149-3.141596j,0.693146-3.141589j,0.000000
-1.005663+0.052488j,0.693149-3.141596j,0.693146-3.141589j,0.000000
-1.005665+0.052501j,0.693149-3.141596j,0.693146-3.141589j,0.000000
-1.005666+0.052514j,0.693149-3.141596j,0.693146-3.141589j,0.000000
-1.005668+0.052527j,0.693149-3.141596j,0.693146-3.141589j,0.000000
-1.005669+0.052540j,0.693149-3.141596j,0.693146-3.141589j,0.000000
-1.005671+0.052553j,0.693149-3.141596j,0.693146-3.141589j,0.000000
-1.005672+0.052566j,0.693149-3.141596j,0.693146-3.141589j,0.000000
-1.005674+0.052578j,0.693149-3.141596j,0.693146-3.141589j,0.000000
-1.005675+0.052591j,0.693149-3.141596j,0.693146-3.141589j,0.000000
-1.005677+0.052604j,0.693149-3.141596j,0.693146-3.141589j,0.000000
-1.005678+0.052617j,0.693149-3.141596j,0.693146-3.141589j,0.000000
-1.005679+0.052630j,0.693149-3.141596j,0.693146-3.141589j,0.000000
-1.005681+0.052643j,0.693149-3.141596j,0.693146-3.141589j,0.000000
-1.005682+0.052655j,0.693149-3.141596j,0.693146-3.141589j,0.000000
-1.005684+0.052668j,0.693149-3.141596j,0.693146-3.141589j,0.000000
-1.005685+0.052681j,0.693149-3.141596j,0.693146-3.141589j,0.000000
-1.005687+0.052694j,0.693149-3.141596j,0.693146-3.141589j,0.000000
-1.005688+0.052706j,0.693149-3.141596j,0.693146-3.141589j,0.000000
-1.005690+0.052719j,0.693149-3.141596j,0.693146-3.141589j,0.000000
-1.005691+0.052732j,0.693149-3.141596j,0.693146-3.141589j,0.000000
-1.005692+0.052745j,0.693149-3.141596j,0.693146-3.141589j,0.000000
-1.005694+0.052757j,0.693149-3.141596j,0.693146-3.141589j,0.000000
-1.005695+0.052770j,0.693149-3.141596j,0.693146-3.141589j,0.000000
-1.005697+0.052783j,0.693149-3.141596j,0.693146-3.141589j,0.000000
-1.005698+0.052795j,0.693149-3.141596j,0.693146-3.141589j,0.000000
-1.005700+0.052808j,0.693149-3.141596j,0.693146-3.141589j,0.000000
-1.005701+0.052821j,0.693149-3.141596j,0.693146-3.141589j,0.000000
-1.005703+0.052833j,0.693149-3.141596j,0.693146-3.141589j,0.000000
-1.005704+0.052846j,0.693149-3.141596j,0.693146-3.141589j,0.000000
-1.005705+0.052858j,0.693149-3.141596j,0.693146-3.141589j,0.000000
-1.005707+0.052871j,0.693149-3.141596j,0.693146-3.141589j,0.000000
-1.005708+0.052883j,0.693149-3.141596j,0.693146-3.141589j,0.000000
-1.005710+0.052896j,0.693149-3.141596j,0.693146-3.141589j,0.000000
-1.005711+0.052909j,0.693149-3.141596j,0.693145-3.141589j,0.000000
-1.005712+0.052921j,0.693149-3.141596j,0.693145-3.141589j,0.000000
-1.005714+0.052934j,0.693149-3.141596j,0.693145-3.141589j,0.000000
-1.005715+0.052946j,0.693149-3.141596j,0.693145-3.141589j,0.000000
-1.005717+0.052959j,0.693149-3.141596j,0.693145-3.141589j,0.000000
-1.005718+0.052971j,0.693149-3.141596j,0.693145-3.141589j,0.000000
-1.005720+0.052984j,0.693149-3.141596j,0.693145-3.141589j,0.000000
-1.005721+0.052996j,0.693149-3.141596j,0.693145-3.141589j,0.000000
-1.005722+0.053009j,0.693149-3.141596j,0.693145-3.141589j,0.000000
-1.005724+0.053021j,0.693149-3.141596j,0.693145-3.141589j,0.000000
-1.005725+0.053033j,0.693149-3.141596j,0.693145-3.141589j,0.000000
-1.005727+0.053046j,0.693149-3.141596j,0.693145-3.141589j,0.000000
-1.005728+0.053058j,0.693149-3.141596j,0.693145-3.141589j,0.000000
-1.005729+0.053071j,0.693149-3.141596j,0.693145-3.141589j,0.000000
-1.005731+0.053083j,0.693149-3.141596j,0.693145-3.141589j,0.000000
-1.005732+0.053095j,0.693149-3.141596j,0.693145-3.141589j,0.000000
-1.005734+0.053108j,0.693149-3.141596j,0.693145-3.141589j,0.000000
-1.005735+0.053120j,0.693149-3.141596j,0.693145-3.141589j,0.000000
-1.005736+0.053132j,0.693149-3.141596j,0.693145-3.141589j,0.000000
-1.005738+0.053145j,0.693149-3.141596j,0.693145-3.141589j,0.000000
-1.005739+0.053157j,0.693149-3.141596j,0.693145-3.141589j,0.000000
-1.005741+0.053169j,0.693149-3.141596j,0.693145-3.141589j,0.000000
-1.005742+0.053182j,0.693149-3.141596j,0.693145-3.141589j,0.000000
-1.005743+0.053194j,0.693149-3.141596j,0.693145-3.141589j,0.000000
-1.005745+0.053206j,0.693149-3.141596j,0.693145-3.141589j,0.000000
-1.005746+0.053218j,0.693149-3.141596j,0.693145-3.141589j,0.000000
-1.005747+0.053231j,0.693149-3.141596j,0.693145-3.141589j,0.000000
-1.005749+0.053243j,0.693149-3.141596j,0.693145-3.141589j,0.000000
-1.005750+0.053255j,0.693149-3.141596j,0.693145-3.141589j,0.000000
-1.005752+0.053267j,0.693149-3.141596j,0.693145-3.141589j,0.000000
-1.005753+0.053279j,0.693149-3.141596j,0.693145-3.141589j,0.000000
-1.005754+0.053292j,0.693149-3.141596j,0.693145-3.141589j,0.000000
-1.005756+0.053304j,0.693149-3.141596j,0.693145-3.141589j,0.000000
-1.005757+0.053316j,0.693149-3.141596j,0.693145-3.141589j,0.000000
-1.005758+0.053328j,0.693149-3.141596j,0.693145-3.141589j,0.000000
-1.005760+0.053340j,0.693149-3.141596j,0.693145-3.141589j,0.000000
-1.005761+0.053352j,0.693149-3.141596j,0.693145-3.141589j,0.000000
-1.005763+0.053365j,0.693149-3.141596j,0.693145-3.141589j,0.000000
-1.005764+0.053377j,0.693149-3.141596j,0.693145-3.141589j,0.000000
-1.005765+0.053389j,0.693149-3.141596j,0.693145-3.141589j,0.000000
-1.005765+0.053389j,0.693149-3.141596j,0.693145-3.141589j,0.000000
-1.005767+0.053401j,0.693149-3.141596j,0.693145-3.141589j,0.000000
-1.005773+0.053455j,0.693149-3.141596j,0.693145-3.141589j,0.000000
-1.005798+0.053678j,0.693149-3.141596j,0.693145-3.141589j,0.000000
-1.005836+0.054016j,0.693149-3.141597j,0.693145-3.141589j,0.000000
-1.005873+0.054345j,0.693149-3.141597j,0.693145-3.141589j,0.000000
-1.005911+0.054685j,0.693149-3.141597j,0.693145-3.141589j,0.000000
-1.005948+0.055016j,0.693149-3.141597j,0.693145-3.141588j,0.000000
-1.005986+0.055360j,0.693149-3.141597j,0.693145-3.141588j,0.000000
-1.006023+0.055694j,0.693149-3.141597j,0.693145-3.141588j,0.000000
-1.006061+0.056041j,0.693149-3.141597j,0.693145-3.141588j,0.000000
-1.006099+0.056379j,0.693149-3.141597j,0.693145-3.141588j,0.000000
-1.006138+0.056730j,0.693149-3.141597j,0.693145-3.141588j,0.000000
-1.006175+0.057072j,0.693149-3.141598j,0.693145-3.141588j,0.000000
-1.006214+0.057426j,0.693150-3.141598j,0.693145-3.141588j,0.000000
-1.006252+0.057772j,0.693150-3.141598j,0.693145-3.141587j,0.000000
-1.006291+0.058129j,0.693150-3.141598j,0.693145-3.141587j,0.000000
-1.006329+0.058478j,0.693150-3.141598j,0.693145-3.141587j,0.000000
-1.006368+0.058840j,0.693150-3.141598j,0.693145-3.141587j,0.000000
-1.006407+0.059192j,0.693150-3.141598j,0.693145-3.141587j,0.000000
-1.006446+0.059557j,0.693150-3.141598j,0.693144-3.141587j,0.000000
-1.006485+0.059913j,0.693150-3.141599j,0.693144-3.141587j,0.000000
-1.006524+0.060282j,0.693150-3.141599j,0.693144-3.141587j,0.000000
-1.006563+0.060642j,0.693150-3.141599j,0.693144-3.141586j,0.000000
-1.006603+0.061014j,0.693150-3.141599j,0.693144-3.141586j,0.000000
-1.006642+0.061377j,0.693150-3.141599j,0.693144-3.141586j,0.000000
-1.006682+0.061752j,0.693150-3.141599j,0.693144-3.141586j,0.000000
-1.006721+0.062118j,0.693150-3.141600j,0.693144-3.141586j,0.000000
-1.006761+0.062498j,0.693150-3.141600j,0.693144-3.141586j,0.000000
-1.006800+0.062868j,0.693151-3.141600j,0.693144-3.141585j,0.000000
-1.006841+0.063252j,0.693151-3.141600j,0.693144-3.141585j,0.000000
-1.006880+0.063626j,0.693151-3.141600j,0.693144-3.141585j,0.000000
-1.006921+0.064013j,0.693151-3.141600j,0.693144-3.141585j,0.000000
-1.006961+0.064391j,0.693151-3.141601j,0.693144-3.141585j,0.000000
-1.007002+0.064781j,0.693151-3.141601j,0.693143-3.141584j,0.000000
-1.007041+0.065163j,0.693151-3.141601j,0.693143-3.141584j,0.000000
-1.007082+0.065557j,0.693151-3.141601j,0.693143-3.141584j,0.000000
-1.007122+0.065942j,0.693151-3.141601j,0.693143-3.141584j,0.000000
-1.007164+0.066341j,0.693151-3.141602j,0.693143-3.141584j,0.000000
-1.007204+0.066730j,0.693151-3.141602j,0.693143-3.141583j,0.000000
-1.007245+0.067132j,0.693152-3.141602j,0.693143-3.141583j,0.000000
-1.007286+0.067525j,0.693152-3.141602j,0.693143-3.141583j,0.000000
-1.007328+0.067932j,0.693152-3.141603j,0.693143-3.141583j,0.000000
-1.007368+0.068329j,0.693152-3.141603j,0.693143-3.141583j,0.000000
-1.007410+0.068739j,0.693152-3.141603j,0.693142-3.141582j,0.000000
-1.007451+0.069140j,0.693152-3.141603j,0.693142-3.141582j,0.000000
-1.007493+0.069554j,0.693152-3.141604j,0.693142-3.141582j,0.000000
-1.007534+0.069959j,0.693152-3.141604j,0.693142-3.141582j,0.000000
-1.007577+0.070378j,0.693152-3.141604j,0.693142-3.141581j,0.000000
-1.007618+0.070787j,0.693153-3.141604j,0.693142-3.141581j,0.000000
-1.007661+0.071208j,0.693153-3.141605j,0.693142-3.141581j,0.000000
-1.007702+0.071620j,0.693153-3.141605j,0.693142-3.141580j,0.000000
-1.007745+0.072047j,0.693153-3.141605j,0.693141-3.141580j,0.000000
-1.007786+0.072463j,0.693153-3.141605j,0.693141-3.141580j,0.000000
-1.007829+0.072893j,0.693153-3.141606j,0.693141-3.141580j,0.000000
-1.007871+0.073314j,0.693153-3.141606j,0.693141-3.141579j,0.000000
-1.007914+0.073748j,0.693153-3.141606j,0.693141-3.141579j,0.000000
-1.007957+0.074173j,0.693154-3.141607j,0.693141-3.141579j,0.000000
-1.008000+0.074611j,0.693154-3.141607j,0.693141-3.141578j,0.000000
-1.008042+0.075039j,0.693154-3.141607j,0.693140-3.141578j,0.000001
-1.008086+0.075482j,0.693154-3.141608j,0.693140-3.141578j,0.000001
-1.008128+0.075915j,0.693154-3.141608j,0.693140-3.141577j,0.000001
-1.008172+0.076362j,0.693154-3.141608j,0.693140-3.141577j,0.000001
-1.008215+0.076799j,0.693155-3.141609j,0.693140-3.141576j,0.000001
-1.008259+0.077250j,0.693155-3.141609j,0.693140-3.141576j,0.000001
-1.008302+0.077691j,0.693155-3.141610j,0.693139-3.141576j,0.000001
-1.008346+0.078146j,0.693155-3.141610j,0.693139-3.141575j,0.000001
-1.008390+0.078591j,0.693155-3.141610j,0.693139-3.141575j,0.000001
-1.008434+0.079051j,0.693155-3.141611j,0.693139-3.141574j,0.000001
-1.008477+0.079500j,0.693156-3.141611j,0.693139-3.141574j,0.000001
-1.008522+0.079964j,0.693156-3.141612j,0.693139-3.141574j,0.000001
-1.008566+0.080417j,0.693156-3.141612j,0.693138-3.141573j,0.000001
-1.008611+0.080886j,0.693156-3.141613j,0.693138-3.141573j,0.000001
-1.008655+0.081343j,0.693156-3.141613j,0.693138-3.141572j,0.000001
-1.008700+0.081816j,0.693157-3.141614j,0.693138-3.141572j,0.000001
-1.008744+0.082277j,0.693157-3.141614j,0.693138-3.141571j,0.000001
-1.008789+0.082754j,0.693157-3.141615j,0.693137-3.141571j,0.000001
-1.008833+0.083220j,0.693157-3.141615j,0.693137-3.141570j,0.000001
-1.008879+0.083701j,0.693157-3.141616j,0.693137-3.141570j,0.000001
-1.008923+0.084171j,0.693158-3.141616j,0.693137-3.141569j,0.000001
-1.008969+0.084657j,0.693158-3.141617j,0.693136-3.141569j,0.000001
-1.009014+0.085132j,0.693158-3.141617j,0.693136-3.141568j,0.000001
-1.009060+0.085622j,0.693158-3.141618j,0.693136-3.141568j,0.000001
-1.009105+0.086101j,0.693159-3.141618j,0.693136-3.141567j,0.000001
-1.009151+0.086596j,0.693159-3.141619j,0.693135-3.141566j,0.000001
-1.009196+0.087080j,0.693159-3.141619j,0.693135-3.141566j,0.000001
-1.009243+0.087580j,0.693159-3.141620j,0.693135-3.141565j,0.000001
-1.009288+0.088068j,0.693160-3.141621j,0.693135-3.141565j,0.000001
-1.009335+0.088572j,0.693160-3.141621j,0.693134-3.141564j,0.000001
-1.009381+0.089064j,0.693160-3.141622j,0.693134-3.141563j,0.000001
-1.009428+0.089573j,0.693161-3.141623j,0.693134-3.141563j,0.000001
-1.009473+0.090070j,0.693161-3.141623j,0.693133-3.141562j,0.000001
-1.009520+0.090583j,0.693161-3.141624j,0.693133-3.141561j,0.000001
-1.009567+0.091085j,0.693161-3.141625j,0.693133-3.141561j,0.000001
-1.009614+0.091603j,0.693162-3.141626j,0.693133-3.141560j,0.000001
-1.009660+0.092109j,0.693162-3.141626j,0.693132-3.141559j,0.000001
-1.009708+0.092631j,0.693162-3.141627j,0.693132-3.141558j,0.000001
-1.009754+0.093143j,0.693163-3.141628j,0.693132-3.141557j,0.000001
-1.009802+0.093670j,0.693163-3.141629j,0.693131-3.141557j,0.000001
-1.009849+0.094186j,0.693163-3.141629j,0.693131-3.141556j,0.000002
-1.009897+0.094718j,0.693164-3.141630j,0.693131-3.141555j,0.000002
-1.009944+0.095239j,0.693164-3.141631j,0.693130-3.141554j,0.000002
-1.009992+0.095776j,0.693165-3.141632j,0.693130-3.141553j,0.000002
-1.010039+0.096301j,0.693165-3.141633j,0.693129-3.141552j,0.000002
-1.010088+0.096842j,0.693165-3.141634j,0.693129-3.141552j,0.000002
-1.010135+0.097372j,0.693166-3.141635j,0.693129-3.141551j,0.000002
-1.010184+0.097918j,0.693166-3.141636j,0.693128-3.141550j,0.000002
-1.010231+0.098453j,0.693166-3.141637j,0.693128-3.141549j,0.000002
-1.010280+0.099005j,0.693167-3.141638j,0.693127-3.141548j,0.000002
-1.010328+0.099544j,0.693167-3.141639j,0.693127-3.141547j,0.000002
-1.010377+0.100100j,0.693168-3.141640j,0.693127-3.141546j,0.000002
-1.010425+0.100645j,0.693168-3.141641j,0.693126-3.141545j,0.000002
-1.010475+0.101206j,0.693169-3.141642j,0.693126-3.141544j,0.000002
-1.010523+0.101755j,0.693169-3.141643j,0.693125-3.141542j,0.000002
-1.010572+0.102322j,0.693170-3.141644j,0.693125-3.141541j,0.000002
-1.010621+0.102876j,0.693170-3.141645j,0.693124-3.141540j,0.000002
-1.010671+0.103447j,0.693171-3.141646j,0.693124-3.141539j,0.000002
-1.010719+0.104006j,0.693171-3.141647j,0.693123-3.141538j,0.000003
-1.010769+0.104583j,0.693172-3.141649j,0.693123-3.141537j,0.000003
-1.010818+0.105147j,0.693172-3.141650j,0.693122-3.141535j,0.000003
-1.010868+0.105729j,0.693173-3.141651j,0.693122-3.141534j,0.000003
-1.010917+0.106298j,0.693173-3.141652j,0.693121-3.141533j,0.000003
-1.010968+0.106885j,0.693174-3.141654j,0.693121-3.141532j,0.000003
-1.011017+0.107459j,0.693174-3.141655j,0.693120-3.141530j,0.000003
-1.011068+0.108051j,0.693175-3.141657j,0.693120-3.141529j,0.000003
-1.011117+0.108631j,0.693175-3.141658j,0.693119-3.141527j,0.000003
-1.011168+0.109228j,0.693176-3.141659j,0.693118-3.141526j,0.000003
-1.011218+0.109812j,0.693177-3.141661j,0.693118-3.141524j,0.000003
-1.011269+0.110415j,0.693177-3.141662j,0.693117-3.141523j,0.000003
-1.011318+0.111004j,0.693178-3.141664j,0.693117-3.141521j,0.000003
-1.011370+0.111612j,0.693178-3.141665j,0.693116-3.141520j,0.000004
-1.011420+0.112207j,0.693179-3.141667j,0.693115-3.141518j,0.000004
-1.011471+0.112820j,0.693180-3.141669j,0.693115-3.141517j,0.000004
-1.011521+0.113420j,0.693180-3.141670j,0.693114-3.141515j,0.000004
-1.011573+0.114038j,0.693181-3.141672j,0.693113-3.141513j,0.000004
-1.011623+0.114644j,0.693182-3.141674j,0.693113-3.141512j,0.000004
-1.011675+0.115268j,0.693183-3.141675j,0.693112-3.141510j,0.000004
-1.011726+0.115878j,0.693183-3.141677j,0.693111-3.141508j,0.000004
-1.011778+0.116508j,0.693184-3.141679j,0.693110-3.141506j,0.000004
-1.011829+0.117124j,0.693185-3.141681j,0.693110-3.141504j,0.000005
-1.011881+0.117758j,0.693186-3.141683j,0.693109-3.141502j,0.000005
-1.011932+0.118380j,0.693186-3.141685j,0.693108-3.141500j,0.000005
-1.011984+0.119020j,0.693187-3.141687j,0.693107-3.141498j,0.000005
-1.012035+0.119647j,0.693188-3.141689j,0.693106-3.141496j,0.000005
-1.012088+0.120292j,0.693189-3.141691j,0.693106-3.141494j,0.000005
-1.012139+0.120925j,0.693190-3.141693j,0.693105-3.141492j,0.000005
-1.012192+0.121576j,0.693191-3.141695j,0.693104-3.141490j,0.000005
-1.012243+0.122213j,0.693191-3.141697j,0.693103-3.141488j,0.000006
-1.012296+0.122870j,0.693192-3.141700j,0.693102-3.141486j,0.000006
-1.012348+0.123514j,0.693193-3.141702j,0.693101-3.141483j,0.000006
-1.012401+0.124176j,0.693194-3.141704j,0.693100-3.141481j,0.000006
-1.012453+0.124825j,0.693195-3.141707j,0.693099-3.141478j,0.000006
-1.012506+0.125493j,0.693196-3.141709j,0.693098-3.141476j,0.000006
-1.012558+0.126147j,0.693197-3.141712j,0.693097-3.141474j,0.000007
-1.012611+0.126821j,0.693198-3.141714j,0.693096-3.141471j,0.000007
-1.012663+0.127481j,0.693199-3.141717j,0.693095-3.141468j,0.000007
-1.012717+0.128161j,0.693200-3.141720j,0.693094-3.141466j,0.000007
-1.012769+0.128827j,0.693201-3.141722j,0.693093-3.141463j,0.000007
-1.012823+0.129512j,0.693202-3.141725j,0.693092-3.141460j,0.000007
-1.012875+0.130184j,0.693203-3.141728j,0.693091-3.141457j,0.000008
-1.012929+0.130875j,0.693205-3.141731j,0.693090-3.141455j,0.000008
-1.012982+0.131552j,0.693206-3.141734j,0.693089-3.141452j,0.000008
-1.013036+0.132249j,0.693207-3.141737j,0.693087-3.141449j,0.000008
-1.013089+0.132932j,0.693208-3.141740j,0.693086-3.141446j,0.000008
-1.013143+0.133635j,0.693209-3.141743j,0.693085-3.141442j,0.000009
-1.013196+0.134324j,0.693211-3.141746j,0.693084-3.141439j,0.000009
-1.013250+0.135033j,0.693212-3.141749j,0.693083-3.141436j,0.000009
-1.013303+0.135727j,0.693213-3.141753j,0.693081-3.141433j,0.000009
-1.013357+0.136442j,0.693214-3.141756j,0.693080-3.141429j,0.000010
-1.013410+0.137143j,0.693216-3.141759j,0.693079-3.141426j,0.000010
-1.013465+0.137864j,0.693217-3.141763j,0.693077-3.141422j,0.000010
-1.013518+0.138570j,0.693218-3.141766j,0.693076-3.141419j,0.000010
-1.013573+0.139298j,0.693220-3.141770j,0.693075-3.141415j,0.000011
-1.013626+0.140010j,0.693221-3.141774j,0.693073-3.141411j,0.000011
-1.013681+0.140743j,0.693223-3.141778j,0.693072-3.141408j,0.000011
-1.013734+0.141462j,0.693224-3.141782j,0.693070-3.141404j,0.000012
-1.013789+0.142201j,0.693226-3.141786j,0.693069-3.141400j,0.000012
-1.013843+0.142926j,0.693227-3.141790j,0.693067-3.141396j,0.000012
-1.013898+0.143671j,0.693229-3.141794j,0.693066-3.141392j,0.000012
-1.013952+0.144402j,0.693230-3.141798j,0.693064-3.141387j,0.000013
-1.014007+0.145154j,0.693232-3.141802j,0.693062-3.141383j,0.000013
-1.014060+0.145890j,0.693234-3.141807j,0.693061-3.141379j,0.000013
-1.014116+0.146648j,0.693235-3.141811j,0.693059-3.141374j,0.000014
-1.014170+0.147391j,0.693237-3.141816j,0.693057-3.141370j,0.000014
-1.014225+0.148156j,0.693239-3.141820j,0.693056-3.141365j,0.000014
-1.014279+0.148905j,0.693241-3.141825j,0.693054-3.141360j,0.000015
-1.014334+0.149676j,0.693242-3.141830j,0.693052-3.141355j,0.000015
-1.014388+0.150431j,0.693244-3.141835j,0.693050-3.141351j,0.000016
-1.014444+0.151208j,0.693246-3.141840j,0.693048-3.141346j,0.000016
-1.014498+0.151970j,0.693248-3.141845j,0.693046-3.141340j,0.000016
-1.014553+0.152753j,0.693250-3.141850j,0.693044-3.141335j,0.000017
-1.014608+0.153521j,0.693252-3.141855j,0.693042-3.141330j,0.000017
-1.014663+0.154311j,0.693254-3.141861j,0.693040-3.141324j,0.000018
-1.014718+0.155086j,0.693256-3.141866j,0.693038-3.141319j,0.000018
-1.014773+0.155882j,0.693258-3.141872j,0.693036-3.141313j,0.000019
-1.014828+0.156663j,0.693260-3.141878j,0.693034-3.141308j,0.000019
-1.014883+0.157466j,0.693262-3.141884j,0.693032-3.141302j,0.000020
-1.014938+0.158253j,0.693265-3.141889j,0.693030-3.141296j,0.000020
-1.014993+0.159063j,0.693267-3.141896j,0.693028-3.141290j,0.000021
-1.015048+0.159857j,0.693269-3.141902j,0.693025-3.141283j,0.000021
-1.015104+0.160673j,0.693271-3.141908j,0.693023-3.141277j,0.000022
-1.015158+0.161473j,0.693274-3.141915j,0.693021-3.141271j,0.000022
-1.015214+0.162296j,0.693276-3.141921j,0.693018-3.141264j,0.000023
-1.015268+0.163103j,0.693279-3.141928j,0.693016-3.141257j,0.000023
-1.015324+0.163933j,0.693281-3.141935j,0.693013-3.141250j,0.000024
-1.015379+0.164746j,0.693284-3.141942j,0.693011-3.141244j,0.000025
-1.015435+0.165583j,0.693286-3.141949j,0.693008-3.141236j,0.000025
-1.015489+0.166403j,0.693289-3.141956j,0.693006-3.141229j,0.000026
-1.015545+0.167246j,0.693291-3.141964j,0.693003-3.141222j,0.000026
-1.015600+0.168073j,0.693294-3.141971j,0.693000-3.141214j,0.000027
-1.015656+0.168923j,0.693297-3.141979j,0.692998-3.141206j,0.000028
-1.015710+0.169757j,0.693300-3.141987j,0.692995-3.141199j,0.000028
-1.015766+0.170614j,0.693303-3.141995j,0.692992-3.141191j,0.000029
-1.015821+0.171454j,0.693305-3.142003j,0.692989-3.141183j,0.000030
-1.015877+0.172318j,0.693308-3.142011j,0.692986-3.141174j,0.000031
-1.015931+0.173165j,0.693311-3.142019j,0.692983-3.141166j,0.000031
-1.015987+0.174036j,0.693314-3.142028j,0.692980-3.141157j,0.000032
-1.016042+0.174890j,0.693317-3.142037j,0.692977-3.141148j,0.000033
-1.016098+0.175768j,0.693321-3.142046j,0.692974-3.141139j,0.000034
-1.016152+0.176629j,0.693324-3.142055j,0.692971-3.141130j,0.000035
-1.016208+0.177514j,0.693327-3.142064j,0.692967-3.141121j,0.000035
-1.016262+0.178382j,0.693330-3.142074j,0.692964-3.141112j,0.000036
-1.016318+0.179274j,0.693334-3.142083j,0.692961-3.141102j,0.000037
-1.016373+0.180149j,0.693337-3.142093j,0.692957-3.141092j,0.000038
-1.016428+0.181049j,0.693341-3.142103j,0.692954-3.141082j,0.000039
-1.016483+0.181931j,0.693344-3.142113j,0.692950-3.141072j,0.000040
-1.016539+0.182837j,0.693348-3.142124j,0.692947-3.141061j,0.000041
-1.016593+0.183727j,0.693351-3.142134j,0.692943-3.141051j,0.000042
-1.016648+0.184640j,0.693355-3.142145j,0.692939-3.141040j,0.000043
-1.016703+0.185537j,0.693359-3.142156j,0.692936-3.141029j,0.000044
-1.016758+0.186458j,0.693363-3.142168j,0.692932-3.141017j,0.000045
-1.016813+0.187361j,0.693367-3.142179j,0.692928-3.141006j,0.000046
-1.016868+0.188290j,0.693371-3.142191j,0.692924-3.140994j,0.000048
-1.016922+0.189200j,0.693375-3.142203j,0.692920-3.140983j,0.000049
-1.016978+0.190136j,0.693379-3.142215j,0.692916-3.140970j,0.000050
-1.017032+0.191054j,0.693383-3.142227j,0.692912-3.140958j,0.000051
-1.017087+0.191997j,0.693387-3.142240j,0.692907-3.140945j,0.000052
-1.017141+0.192922j,0.693392-3.142252j,0.692903-3.140933j,0.000054
-1.017196+0.193873j,0.693396-3.142266j,0.692899-3.140919j,0.000055
-1.017250+0.194806j,0.693400-3.142279j,0.692894-3.140906j,0.000056
-1.017305+0.195764j,0.693405-3.142292j,0.692890-3.140893j,0.000058
-1.017358+0.196704j,0.693410-3.142306j,0.692885-3.140879j,0.000059
-1.017413+0.197670j,0.693414-3.142320j,0.692881-3.140865j,0.000060
-1.017467+0.198617j,0.693419-3.142334j,0.692876-3.140850j,0.000062
-1.017522+0.199591j,0.693424-3.142349j,0.692871-3.140836j,0.000063
-1.017575+0.200546j,0.693429-3.142364j,0.692866-3.140821j,0.000065
-1.017630+0.201527j,0.693434-3.142379j,0.692861-3.140806j,0.000067
-1.017683+0.202489j,0.693439-3.142395j,0.692856-3.140790j,0.000068
-1.017738+0.203478j,0.693444-3.142410j,0.692851-3.140774j,0.000070
-1.017791+0.204448j,0.693449-3.142426j,0.692846-3.140758j,0.000071
-1.017845+0.205445j,0.693455-3.142443j,0.692840-3.140742j,0.000073
-1.017898+0.206422j,0.693460-3.142459j,0.692835-3.140725j,0.000075
-1.017952+0.207427j,0.693466-3.142476j,0.692829-3.140708j,0.000077
-1.018005+0.208412j,0.693471-3.142494j,0.692824-3.140691j,0.000079
-1.018059+0.209424j,0.693477-3.142511j,0.692818-3.140673j,0.000080
-1.018111+0.210418j,0.693483-3.142529j,0.692813-3.140656j,0.000082
-1.018165+0.211438j,0.693488-3.142547j,0.692807-3.140637j,0.000084
-1.018217+0.212439j,0.693494-3.142566j,0.692801-3.140619j,0.000086
-1.018271+0.213467j,0.693500-3.142585j,0.692795-3.140600j,0.000088
-1.018323+0.214475j,0.693507-3.142604j,0.692789-3.140581j,0.000090
-1.018376+0.215511j,0.693513-3.142624j,0.692782-3.140561j,0.000093
-1.018428+0.216528j,0.693519-3.142644j,0.692776-3.140541j,0.000095
-1.018481+0.217572j,0.693526-3.142664j,0.692770-3.140520j,0.000097
-1.018533+0.218597j,0.693532-3.142685j,0.692763-3.140500j,0.000099
-1.018586+0.219649j,0.693539-3.142706j,0.692757-3.140478j,0.000102
-1.018637+0.220681j,0.693545-3.142727j,0.692750-3.140457j,0.000104
-1.018690+0.221742j,0.693552-3.142750j,0.692743-3.140435j,0.000107
-1.018741+0.222782j,0.693559-3.142772j,0.692736-3.140413j,0.000109
-1.018793+0.223851j,0.693566-3.142795j,0.692729-3.140390j,0.000112
-1.018844+0.224899j,0.693574-3.142817j,0.692722-3.140367j,0.000114
-1.018896+0.225976j,0.693581-3.142841j,0.692715-3.140343j,0.000117
-1.018947+0.227033j,0.693588-3.142865j,0.692708-3.140319j,0.000120
-1.018998+0.228118j,0.693596-3.142890j,0.692700-3.140294j,0.000123
-1.019049+0.229183j,0.693603-3.142914j,0.692693-3.140270j,0.000126
-1.019100+0.230276j,0.693611-3.142940j,0.692685-3.140244j,0.000129
-1.019150+0.231349j,0.693619-3.142966j,0.692677-3.140218j,0.000132
-1.019201+0.232451j,0.693627-3.142992j,0.692669-3.140192j,0.000135
-1.019251+0.233532j,0.693635-3.143019j,0.692661-3.140165j,0.000138
-1.019301+0.234642j,0.693643-3.143046j,0.692653-3.140138j,0.000141
-1.019351+0.235732j,0.693652-3.143074j,0.692645-3.140110j,0.000144
-1.019401+0.236851j,0.693660-3.143102j,0.692636-3.140082j,0.000148
-1.019450+0.237949j,0.693669-3.143131j,0.692628-3.140053j,0.000151
-1.019500+0.239076j,0.693678-3.143160j,0.692619-3.140023j,0.000155
-1.019549+0.240183j,0.693686-3.143190j,0.692610-3.139994j,0.000158
-1.019598+0.241318j,0.693696-3.143220j,0.692601-3.139963j,0.000162
-1.019647+0.242433j,0.693705-3.143251j,0.692592-3.139933j,0.000166
-1.019696+0.243577j,0.693714-3.143283j,0.692583-3.139901j,0.000170
-1.019744+0.244701j,0.693723-3.143314j,0.692574-3.139869j,0.000174
-1.019792+0.245854j,0.693733-3.143347j,0.692564-3.139836j,0.000178
-1.019840+0.246986j,0.693743-3.143380j,0.692555-3.139803j,0.000182
-1.019888+0.248148j,0.693753-3.143414j,0.692545-3.139769j,0.000186
-1.019935+0.249289j,0.693762-3.143448j,0.692535-3.139735j,0.000190
-1.019983+0.250459j,0.693773-3.143484j,0.692525-3.139699j,0.000195
-1.020030+0.251609j,0.693783-3.143519j,0.692515-3.139664j,0.000199
-1.020077+0.252788j,0.693793-3.143556j,0.692504-3.139627j,0.000204
-1.020124+0.253946j,0.693804-3.143592j,0.692494-3.139590j,0.000208
-1.020171+0.255134j,0.693815-3.143631j,0.692483-3.139552j,0.000213
-1.020216+0.256301j,0.693826-3.143668j,0.692473-3.139514j,0.000218
-1.020263+0.257498j,0.693837-3.143708j,0.692462-3.139475j,0.000223
-1.020308+0.258674j,0.693848-3.143747j,0.692451-3.139435j,0.000228
-1.020354+0.259880j,0.693859-3.143788j,0.692439-3.139394j,0.000233
-1.020399+0.261065j,0.693871-3.143829j,0.692428-3.139353j,0.000239
-1.020445+0.262280j,0.693883-3.143871j,0.692416-3.139311j,0.000244
-1.020489+0.263474j,0.693895-3.143913j,0.692405-3.139269j,0.000250
-1.020534+0.264698j,0.693907-3.143957j,0.692393-3.139225j,0.000256
-1.020578+0.265901j,0.693919-3.144001j,0.692381-3.139181j,0.000261
-1.020622+0.267134j,0.693931-3.144046j,0.692368-3.139136j,0.000267
-1.020665+0.268346j,0.693944-3.144091j,0.692356-3.139090j,0.000273
-1.020709+0.269589j,0.693957-3.144138j,0.692343-3.139043j,0.000280
-1.020752+0.270809j,0.693970-3.144185j,0.692331-3.138996j,0.000286
-1.020795+0.272061j,0.693983-3.144234j,0.692318-3.138947j,0.000293
-1.020837+0.273291j,0.693996-3.144282j,0.692305-3.138898j,0.000299
-1.020880+0.274552j,0.694010-3.144333j,0.692291-3.138848j,0.000306
-1.020921+0.275791j,0.694023-3.144383j,0.692278-3.138797j,0.000313
-1.020963+0.277062j,0.694037-3.144435j,0.692264-3.138745j,0.000320
-1.021004+0.278310j,0.694051-3.144487j,0.692251-3.138693j,0.000327
-1.021046+0.279590j,0.694066-3.144542j,0.692236-3.138638j,0.000335
-1.021086+0.280848j,0.694080-3.144595j,0.692222-3.138584j,0.000342
-1.021127+0.282138j,0.694095-3.144651j,0.692208-3.138528j,0.000350
-1.021167+0.283405j,0.694110-3.144707j,0.692193-3.138472j,0.000358
-1.021207+0.284704j,0.694125-3.144765j,0.692178-3.138414j,0.000366
-1.021246+0.285980j,0.694140-3.144823j,0.692164-3.138356j,0.000374
-1.021285+0.287289j,0.694156-3.144883j,0.692148-3.138295j,0.000383
-1.021323+0.288575j,0.694172-3.144943j,0.692133-3.138235j,0.000391
-1.021362+0.289893j,0.694188-3.145005j,0.692117-3.138173j,0.000400
-1.021400+0.291188j,0.694204-3.145067j,0.692102-3.138111j,0.000409
-1.021438+0.292517j,0.694220-3.145132j,0.692086-3.138046j,0.000418
-1.021475+0.293822j,0.694237-3.145196j,0.692069-3.137982j,0.000427
-1.021512+0.295159j,0.694254-3.145263j,0.692053-3.137915j,0.000437
-1.021548+0.296474j,0.694271-3.145329j,0.692036-3.137848j,0.000447
-1.021585+0.297822j,0.694288-3.145398j,0.692019-3.137779j,0.000457
-1.021620+0.299146j,0.694306-3.145467j,0.692003-3.137710j,0.000467
-1.021656+0.300503j,0.694324-3.145538j,0.691985-3.137638j,0.000477
-1.021691+0.301838j,0.694341-3.145610j,0.691968-3.137566j,0.000488
-1.021726+0.303205j,0.694360-3.145683j,0.691950-3.137492j,0.000499
-1.021760+0.304549j,0.694378-3.145757j,0.691932-3.137418j,0.000510
-1.021794+0.305926j,0.694397-3.145834j,0.691914-3.137341j,0.000521
-1.021827+0.307280j,0.694416-3.145910j,0.691896-3.137264j,0.000533
-1.021860+0.308668j,0.694435-3.145989j,0.691877-3.137185j,0.000544
-1.021893+0.310031j,0.694455-3.146068j,0.691858-3.137105j,0.000556
-1.021925+0.311429j,0.694475-3.146150j,0.691839-3.137023j,0.000569
-1.021956+0.312802j,0.694494-3.146232j,0.691820-3.136941j,0.000581
-1.021988+0.314210j,0.694515-3.146317j,0.691800-3.136856j,0.000594
-1.022019+0.315594j,0.694535-3.146401j,0.691780-3.136771j,0.000607
-1.022049+0.317012j,0.694556-3.146489j,0.691760-3.136683j,0.000621
-1.022079+0.318406j,0.694577-3.146577j,0.691740-3.136595j,0.000634
-1.022109+0.319834j,0.694599-3.146667j,0.691719-3.136503j,0.000648
-1.022138+0.321238j,0.694620-3.146758j,0.691699-3.136412j,0.000662
-1.022167+0.322677j,0.694642-3.146852j,0.691678-3.136318j,0.000677
-1.022194+0.324091j,0.694664-3.146946j,0.691657-3.136224j,0.000692
-1.022222+0.325540j,0.694687-3.147043j,0.691635-3.136126j,0.000707
-1.022249+0.326964j,0.694710-3.147140j,0.691613-3.136028j,0.000722
-1.022276+0.328424j,0.694733-3.147240j,0.691591-3.135927j,0.000738
-1.022302+0.329858j,0.694756-3.147341j,0.691569-3.135826j,0.000754
-1.022328+0.331328j,0.694780-3.147445j,0.691546-3.135722j,0.000771
-1.022353+0.332773j,0.694804-3.147548j,0.691524-3.135617j,0.000788
-1.022378+0.334254j,0.694828-3.147656j,0.691500-3.135509j,0.000805
-1.022402+0.335710j,0.694852-3.147763j,0.691477-3.135401j,0.000822
-1.022426+0.337201j,0.694877-3.147875j,0.691454-3.135289j,0.000840
-1.022448+0.338667j,0.694902-3.147986j,0.691430-3.135177j,0.000858
-1.022471+0.340169j,0.694928-3.148101j,0.691406-3.135061j,0.000877
-1.022493+0.341646j,0.694954-3.148216j,0.691382-3.134946j,0.000896
-1.022515+0.343158j,0.694980-3.148335j,0.691357-3.134826j,0.000916
-1.022536+0.344646j,0.695006-3.148454j,0.691332-3.134707j,0.000935
-1.022556+0.346169j,0.695033-3.148577j,0.691307-3.134582j,0.000956
-1.022576+0.347667j,0.695060-3.148699j,0.691281-3.134459j,0.000976
-1.022595+0.349202j,0.695088-3.148827j,0.691255-3.134331j,0.000997
-1.022614+0.350710j,0.695115-3.148954j,0.691230-3.134203j,0.001019
-1.022632+0.352256j,0.695144-3.149086j,0.691203-3.134070j,0.001041
-1.022649+0.353775j,0.695172-3.149217j,0.691177-3.133938j,0.001063
-1.022667+0.355332j,0.695201-3.149353j,0.691150-3.133801j,0.001086
-1.022683+0.356862j,0.695230-3.149489j,0.691123-3.133664j,0.001109
-1.022699+0.358430j,0.695259-3.149630j,0.691095-3.133522j,0.001133
-1.022714+0.359971j,0.695289-3.149770j,0.691068-3.133381j,0.001157
-1.022728+0.361550j,0.695319-3.149916j,0.691040-3.133234j,0.001182
-1.022742+0.363102j,0.695350-3.150061j,0.691012-3.133088j,0.001208
-1.022756+0.364692j,0.695381-3.150212j,0.690983-3.132936j,0.001234
-1.022768+0.366255j,0.695412-3.150362j,0.690955-3.132785j,0.001260
-1.022780+0.367856j,0.695444-3.150517j,0.690926-3.132628j,0.001287
-1.022792+0.369431j,0.695475-3.150672j,0.690897-3.132471j,0.001314
-1.022802+0.371043j,0.695508-3.150833j,0.690867-3.132309j,0.001342
-1.022812+0.372629j,0.695540-3.150994j,0.690837-3.132147j,0.001371
-1.022822+0.374253j,0.695574-3.151160j,0.690807-3.131980j,0.001400
-1.022830+0.375850j,0.695607-3.151326j,0.690777-3.131812j,0.001430
-1.022839+0.377485j,0.695641-3.151498j,0.690746-3.131639j,0.001460
-1.022846+0.379094j,0.695675-3.151669j,0.690715-3.131466j,0.001491
-1.022853+0.380740j,0.695710-3.151847j,0.690684-3.131287j,0.001523
-1.022859+0.382360j,0.695745-3.152024j,0.690652-3.131108j,0.001555
-1.022864+0.384019j,0.695781-3.152207j,0.690620-3.130923j,0.001588
-1.022868+0.385650j,0.695816-3.152390j,0.690589-3.130738j,0.001621
-1.022872+0.387320j,0.695853-3.152580j,0.690556-3.130547j,0.001656
-1.022875+0.388963j,0.695889-3.152769j,0.690524-3.130356j,0.001691
-1.022878+0.390644j,0.695926-3.152966j,0.690491-3.130158j,0.001727
-1.022879+0.392299j,0.695964-3.153161j,0.690458-3.129960j,0.001763
-1.022880+0.393992j,0.696002-3.153364j,0.690424-3.129756j,0.001800
-1.022881+0.395658j,0.696040-3.153566j,0.690391-3.129552j,0.001837
-1.022880+0.397364j,0.696079-3.153775j,0.690357-3.129340j,0.001876
-1.022879+0.399041j,0.696118-3.153984j,0.690323-3.129129j,0.001915
-1.022877+0.400759j,0.696158-3.154200j,0.690288-3.128911j,0.001956
-1.022874+0.402448j,0.696197-3.154416j,0.690254-3.128693j,0.001997
-1.022870+0.404177j,0.696238-3.154640j,0.690218-3.128467j,0.002039
-1.022866+0.405879j,0.696279-3.154862j,0.690184-3.128242j,0.002081
-1.022860+0.407620j,0.696320-3.155093j,0.690148-3.128008j,0.002125
-1.022854+0.409333j,0.696362-3.155324j,0.690113-3.127776j,0.002169
-1.022847+0.411087j,0.696404-3.155562j,0.690076-3.127534j,0.002215
-1.022840+0.412812j,0.696447-3.155800j,0.690041-3.127294j,0.002260
-1.022831+0.414578j,0.696490-3.156047j,0.690004-3.127045j,0.002308
-1.022822+0.416315j,0.696533-3.156292j,0.689968-3.126796j,0.002355
-1.022811+0.418093j,0.696578-3.156547j,0.689931-3.126539j,0.002405
-1.022800+0.419843j,0.696622-3.156801j,0.689894-3.126282j,0.002454
-1.022788+0.421633j,0.696667-3.157064j,0.689856-3.126016j,0.002506
-1.022776+0.423395j,0.696712-3.157326j,0.689819-3.125751j,0.002557
-1.022762+0.425197j,0.696759-3.157598j,0.689781-3.125476j,0.002611
-1.022748+0.426971j,0.696805-3.157868j,0.689744-3.125202j,0.002664
-1.022732+0.428787j,0.696852-3.158149j,0.689706-3.124918j,0.002720
-1.022716+0.430573j,0.696899-3.158429j,0.689668-3.124635j,0.002776
-1.022698+0.432401j,0.696947-3.158718j,0.689629-3.124341j,0.002833
-1.022680+0.434199j,0.696995-3.159007j,0.689591-3.124049j,0.002891
-1.022661+0.436040j,0.697044-3.159306j,0.689552-3.123746j,0.002951
-1.022641+0.437851j,0.697093-3.159605j,0.689514-3.123444j,0.003012
-1.022620+0.439704j,0.697144-3.159914j,0.689474-3.123130j,0.003074
-1.022599+0.441528j,0.697193-3.160222j,0.689436-3.122818j,0.003137
-1.022576+0.443394j,0.697245-3.160541j,0.689396-3.122495j,0.003202
-1.022552+0.445230j,0.697296-3.160859j,0.689357-3.122173j,0.003267
-1.022527+0.447109j,0.697348-3.161188j,0.689317-3.121839j,0.003334
-1.022502+0.448958j,0.697400-3.161517j,0.689278-3.121506j,0.003402
-1.022475+0.450849j,0.697453-3.161857j,0.689238-3.121161j,0.003472
-1.022447+0.452711j,0.697506-3.162196j,0.689199-3.120817j,0.003543
-1.022418+0.454616j,0.697560-3.162547j,0.689159-3.120461j,0.003616
-1.022389+0.456491j,0.697614-3.162898j,0.689120-3.120106j,0.003689
-1.022358+0.458408j,0.697670-3.163260j,0.689080-3.119738j,0.003765
-1.022327+0.460296j,0.697725-3.163622j,0.689040-3.119372j,0.003840
-1.022294+0.462227j,0.697782-3.163996j,0.689000-3.118992j,0.003919
-1.022260+0.464127j,0.697838-3.164369j,0.688960-3.118613j,0.003998
-1.022225+0.466072j,0.697895-3.164756j,0.688920-3.118221j,0.004080
-1.022190+0.467985j,0.697953-3.165141j,0.688881-3.117830j,0.004162
-1.022152+0.469943j,0.698011-3.165540j,0.688841-3.117425j,0.004248
-1.022115+0.471870j,0.698070-3.165937j,0.688801-3.117021j,0.004333
-1.022075+0.473840j,0.698130-3.166349j,0.688761-3.116603j,0.004421
-1.022036+0.475781j,0.698189-3.166760j,0.688722-3.116186j,0.004510
-1.021994+0.477765j,0.698250-3.167185j,0.688683-3.115755j,0.004602
-1.021952+0.479718j,0.698311-3.167608j,0.688644-3.115324j,0.004694
-1.021908+0.481716j,0.698373-3.168047j,0.688604-3.114879j,0.004790
-1.021864+0.483683j,0.698435-3.168484j,0.688566-3.114434j,0.004885
-1.021818+0.485694j,0.698498-3.168937j,0.688527-3.113974j,0.004985
-1.021771+0.487675j,0.698561-3.169388j,0.688489-3.113516j,0.005084
-1.021723+0.489700j,0.698626-3.169855j,0.688450-3.113041j,0.005187
-1.021674+0.491694j,0.698690-3.170321j,0.688412-3.112567j,0.005290
-1.021624+0.493733j,0.698756-3.170803j,0.688374-3.112077j,0.005398
-1.021573+0.495740j,0.698821-3.171284j,0.688337-3.111589j,0.005505
-1.021519+0.497793j,0.698888-3.171781j,0.688300-3.111083j,0.005616
-1.021466+0.499814j,0.698954-3.172277j,0.688263-3.110578j,0.005727
-1.021410+0.501881j,0.699023-3.172791j,0.688226-3.110056j,0.005843
-1.021355+0.503916j,0.699090-3.173302j,0.688191-3.109535j,0.005959
-1.021297+0.505997j,0.699160-3.173832j,0.688155-3.108996j,0.006079
-1.021238+0.508046j,0.699229-3.174360j,0.688120-3.108459j,0.006199
-1.021178+0.510141j,0.699300-3.174907j,0.688085-3.107903j,0.006324
-1.021117+0.512204j,0.699370-3.175451j,0.688052-3.107348j,0.006448
-1.021054+0.514313j,0.699443-3.176015j,0.688018-3.106774j,0.006578
-1.020991+0.516390j,0.699514-3.176577j,0.687985-3.106202j,0.006707
-1.020926+0.518514j,0.699588-3.177159j,0.687953-3.105610j,0.006842
-1.020860+0.520605j,0.699661-3.177739j,0.687922-3.105019j,0.006976
-1.020792+0.522743j,0.699736-3.178339j,0.687890-3.104408j,0.007116
-1.020723+0.524848j,0.699810-3.178938j,0.687861-3.103799j,0.007256
-1.020653+0.527001j,0.699886-3.179557j,0.687831-3.103168j,0.007401
-1.020582+0.529121j,0.699962-3.180174j,0.687803-3.102539j,0.007546
-1.020508+0.531288j,0.700040-3.180813j,0.687775-3.101888j,0.007696
-1.020435+0.533422j,0.700117-3.181449j,0.687748-3.101240j,0.007847
-1.020359+0.535604j,0.700196-3.182108j,0.687722-3.100568j,0.008003
-1.020282+0.537752j,0.700274-3.182765j,0.687698-3.099899j,0.008159
-1.020203+0.539949j,0.700355-3.183444j,0.687674-3.099206j,0.008321
-1.020125+0.542112j,0.700435-3.184122j,0.687651-3.098516j,0.008484
-1.020043+0.544324j,0.700517-3.184823j,0.687629-3.097801j,0.008652
-1.019961+0.546502j,0.700599-3.185522j,0.687609-3.097089j,0.008820
-1.019876+0.548728j,0.700682-3.186244j,0.687590-3.096352j,0.008995
-1.019792+0.550921j,0.700766-3.186965j,0.687572-3.095617j,0.009170
-1.019705+0.553163j,0.700851-3.187711j,0.687555-3.094857j,0.009351
-1.019617+0.555370j,0.700935-3.188454j,0.687540-3.094099j,0.009533
-1.019527+0.557627j,0.701023-3.189223j,0.687527-3.093315j,0.009721
-1.019437+0.559850j,0.701109-3.189990j,0.687515-3.092533j,0.009909
-1.019343+0.562122j,0.701197-3.190783j,0.687504-3.091724j,0.010104
-1.019250+0.564360j,0.701285-3.191573j,0.687495-3.090918j,0.010300
-1.019154+0.566647j,0.701376-3.192391j,0.687488-3.090083j,0.010502
-1.019058+0.568901j,0.701465-3.193206j,0.687483-3.089252j,0.010705
-1.018958+0.571204j,0.701558-3.194049j,0.687479-3.088392j,0.010915
-1.018859+0.573472j,0.701649-3.194890j,0.687478-3.087534j,0.011126
-1.018757+0.575791j,0.701743-3.195760j,0.687478-3.086647j,0.011344
-1.018655+0.578075j,0.701836-3.196627j,0.687481-3.085762j,0.011562
-1.018549+0.580409j,0.701932-3.197523j,0.687485-3.084847j,0.011789
-1.018444+0.582709j,0.702027-3.198417j,0.687492-3.083935j,0.012015
-1.018335+0.585059j,0.702125-3.199342j,0.687502-3.082992j,0.012250
-1.018227+0.587374j,0.702222-3.200263j,0.687513-3.082052j,0.012485
-1.018115+0.589741j,0.702322-3.201217j,0.687528-3.081079j,0.012729
-1.018003+0.592072j,0.702421-3.202167j,0.687544-3.080109j,0.012972
-1.017888+0.594454j,0.702523-3.203150j,0.687564-3.079106j,0.013225
-1.017773+0.596801j,0.702625-3.204130j,0.687586-3.078107j,0.013478
-1.017655+0.599200j,0.702729-3.205143j,0.687611-3.077073j,0.013740
-1.017537+0.601563j,0.702832-3.206153j,0.687639-3.076042j,0.014002
-1.017415+0.603978j,0.702939-3.207198j,0.687671-3.074976j,0.014274
-1.017293+0.606357j,0.703045-3.208240j,0.687705-3.073914j,0.014546
-1.017168+0.608788j,0.703154-3.209317j,0.687743-3.072815j,0.014828
-1.017043+0.611184j,0.703262-3.210391j,0.687784-3.071720j,0.015110
-1.016915+0.613632j,0.703373-3.211501j,0.687829-3.070587j,0.015403
-1.016787+0.616044j,0.703484-3.212608j,0.687877-3.069458j,0.015696
-1.016654+0.618509j,0.703598-3.213753j,0.687929-3.068291j,0.015999
-1.016523+0.620938j,0.703711-3.214894j,0.687985-3.067127j,0.016303
-1.016387+0.623420j,0.703828-3.216075j,0.688046-3.065924j,0.016617
-1.016252+0.625865j,0.703944-3.217251j,0.688109-3.064724j,0.016932
-1.016113+0.628364j,0.704063-3.218468j,0.688179-3.063484j,0.017258
-1.015974+0.630826j,0.704182-3.219681j,0.688251-3.062248j,0.017585
-1.015831+0.633342j,0.704305-3.220935j,0.688330-3.060970j,0.017923
-1.015689+0.635822j,0.704426-3.222185j,0.688411-3.059696j,0.018262
-1.015542+0.638355j,0.704552-3.223478j,0.688499-3.058379j,0.018612
-1.015396+0.640852j,0.704677-3.224767j,0.688591-3.057067j,0.018963
-1.015246+0.643403j,0.704806-3.226099j,0.688690-3.055710j,0.019327
-1.015096+0.645917j,0.704935-3.227428j,0.688792-3.054357j,0.019691
-1.014942+0.648486j,0.705067-3.228801j,0.688902-3.052959j,0.020068
-1.014789+0.651017j,0.705199-3.230171j,0.689015-3.051565j,0.020446
-1.014631+0.653604j,0.705335-3.231587j,0.689136-3.050125j,0.020837
-1.014473+0.656153j,0.705471-3.232999j,0.689262-3.048689j,0.021228
-1.014311+0.658758j,0.705611-3.234458j,0.689396-3.047205j,0.021634
-1.014150+0.661325j,0.705750-3.235913j,0.689534-3.045725j,0.022039
-1.013985+0.663949j,0.705895-3.237418j,0.689682-3.044196j,0.022460
-1.013820+0.666534j,0.706038-3.238918j,0.689833-3.042672j,0.022880
-1.013650+0.669175j,0.706187-3.240468j,0.689995-3.041098j,0.023316
-1.013481+0.671779j,0.706335-3.242014j,0.690161-3.039528j,0.023752
-1.013307+0.674439j,0.706488-3.243613j,0.690338-3.037906j,0.024204
-1.013134+0.677061j,0.706641-3.245206j,0.690519-3.036289j,0.024656
-1.012955+0.679741j,0.706799-3.246854j,0.690712-3.034618j,0.025124
-1.012778+0.682382j,0.706957-3.248497j,0.690909-3.032952j,0.025593
-1.012596+0.685080j,0.707121-3.250195j,0.691119-3.031232j,0.026078
-1.012415+0.687740j,0.707284-3.251888j,0.691334-3.029516j,0.026564
-1.012228+0.690457j,0.707453-3.253639j,0.691562-3.027744j,0.027067
-1.012043+0.693136j,0.707622-3.255384j,0.691795-3.025978j,0.027571
-1.011852+0.695874j,0.707796-3.257188j,0.692042-3.024153j,0.028093
-1.011662+0.698572j,0.707971-3.258987j,0.692295-3.022334j,0.028614
-1.011466+0.701329j,0.708153-3.260847j,0.692562-3.020455j,0.029155
-1.011272+0.704047j,0.708334-3.262702j,0.692835-3.018583j,0.029696
-1.011072+0.706825j,0.708522-3.264619j,0.693124-3.016648j,0.030257
-1.010874+0.709563j,0.708710-3.266530j,0.693419-3.014720j,0.030818
-1.010669+0.712361j,0.708905-3.268506j,0.693731-3.012728j,0.031399
-1.010466+0.715119j,0.709100-3.270477j,0.694050-3.010743j,0.031981
-1.010257+0.717937j,0.709303-3.272514j,0.694386-3.008693j,0.032583
-1.010050+0.720716j,0.709506-3.274545j,0.694729-3.006649j,0.033186
-1.009836+0.723556j,0.709717-3.276645j,0.695090-3.004538j,0.033810
-1.009623+0.726355j,0.709929-3.278738j,0.695459-3.002435j,0.034435
-1.009405+0.729216j,0.710149-3.280903j,0.695848-3.000262j,0.035082
-1.009188+0.732037j,0.710369-3.283062j,0.696245-2.998098j,0.035730
-1.008964+0.734919j,0.710598-3.285293j,0.696663-2.995862j,0.036401
-1.008742+0.737761j,0.710828-3.287518j,0.697088-2.993634j,0.037072
-1.008514+0.740666j,0.711067-3.289819j,0.697537-2.991332j,0.037768
-1.008287+0.743530j,0.711307-3.292113j,0.697993-2.989039j,0.038463
-1.008054+0.746457j,0.711557-3.294484j,0.698474-2.986671j,0.039185
-1.007822+0.749343j,0.711809-3.296849j,0.698964-2.984312j,0.039906
-1.007583+0.752293j,0.712070-3.299295j,0.699479-2.981875j,0.040653
-1.007347+0.755202j,0.712333-3.301733j,0.700003-2.979448j,0.041401
-1.007103+0.758175j,0.712607-3.304254j,0.700554-2.976941j,0.042176
-1.006861+0.761107j,0.712882-3.306768j,0.701115-2.974444j,0.042951
-1.006612+0.764100j,0.713169-3.309365j,0.701704-2.971868j,0.043754
-1.006365+0.767051j,0.713457-3.311954j,0.702302-2.969302j,0.044556
-1.006119+0.769962j,0.713748-3.314536j,0.702910-2.966745j,0.045359
-1.005864+0.772970j,0.714054-3.317234j,0.703555-2.964078j,0.046199
-1.005611+0.775937j,0.714362-3.319925j,0.704211-2.961421j,0.047040
-1.005359+0.778863j,0.714672-3.322609j,0.704876-2.958774j,0.047881
-1.005097+0.781886j,0.714999-3.325412j,0.705582-2.956014j,0.048761
-1.004838+0.784868j,0.715329-3.328208j,0.706298-2.953264j,0.049642
-1.004580+0.787810j,0.715661-3.330997j,0.707024-2.950525j,0.050522
-1.004311+0.790849j,0.716011-3.333910j,0.707795-2.947669j,0.051444
-1.004045+0.793847j,0.716364-3.336814j,0.708577-2.944825j,0.052366
-1.003781+0.796805j,0.716720-3.339712j,0.709369-2.941992j,0.053288
-1.003506+0.799860j,0.717096-3.342737j,0.710209-2.939039j,0.054253
-1.003233+0.802875j,0.717475-3.345755j,0.711060-2.936098j,0.055218
-1.002962+0.805850j,0.717858-3.348765j,0.711922-2.933169j,0.056183
-1.002680+0.808924j,0.718262-3.351908j,0.712836-2.930116j,0.057194
-1.002400+0.811956j,0.718669-3.355043j,0.713761-2.927076j,0.058204
-1.002122+0.814949j,0.719080-3.358169j,0.714699-2.924050j,0.059214
-1.001834+0.818041j,0.719515-3.361434j,0.715692-2.920895j,0.060272
-1.001547+0.821092j,0.719954-3.364690j,0.716697-2.917755j,0.061330
-1.001262+0.824104j,0.720397-3.367938j,0.717714-2.914629j,0.062387
-1.000966+0.827215j,0.720865-3.371329j,0.718791-2.911371j,0.063494
-1.000672+0.830286j,0.721338-3.374711j,0.719882-2.908128j,0.064601
-1.000380+0.833318j,0.721816-3.378085j,0.720984-2.904900j,0.065708
-1.000077+0.836450j,0.722321-3.381607j,0.722152-2.901536j,0.066867
-0.999775+0.839542j,0.722832-3.385121j,0.723333-2.898189j,0.068026
-0.999476+0.842595j,0.723348-3.388625j,0.724527-2.894857j,0.069184
-0.999165+0.845749j,0.723894-3.392284j,0.725791-2.891387j,0.070397
-0.998855+0.848863j,0.724446-3.395933j,0.727069-2.887933j,0.071610
-0.998548+0.851938j,0.725003-3.399574j,0.728361-2.884496j,0.072822
-0.998229+0.855116j,0.725594-3.403375j,0.729727-2.880916j,0.074092
-0.997912+0.858254j,0.726191-3.407166j,0.731109-2.877354j,0.075362
-0.997597+0.861352j,0.726795-3.410947j,0.732505-2.873809j,0.076631
-0.997269+0.864556j,0.727434-3.414896j,0.733981-2.870118j,0.077960
-0.996944+0.867719j,0.728080-3.418835j,0.735473-2.866445j,0.079289
-0.996621+0.870842j,0.728735-3.422764j,0.736980-2.862792j,0.080618
-0.996284+0.874072j,0.729427-3.426867j,0.738573-2.858987j,0.082010
-0.995950+0.877262j,0.730129-3.430960j,0.740183-2.855203j,0.083401
-0.995619+0.880413j,0.730838-3.435042j,0.741808-2.851439j,0.084793
-0.995273+0.883672j,0.731590-3.439306j,0.743527-2.847518j,0.086250
-0.994930+0.886890j,0.732351-3.443559j,0.745263-2.843620j,0.087707
-0.994589+0.890069j,0.733121-3.447801j,0.747014-2.839744j,0.089164
-0.994234+0.893359j,0.733937-3.452233j,0.748867-2.835706j,0.090691
-0.993881+0.896608j,0.734763-3.456654j,0.750737-2.831692j,0.092217
-0.993531+0.899818j,0.735600-3.461063j,0.752624-2.827701j,0.093744
-0.993166+0.903141j,0.736487-3.465671j,0.754619-2.823544j,0.095343
-0.992803+0.906424j,0.737386-3.470267j,0.756632-2.819412j,0.096943
-0.992443+0.909667j,0.738295-3.474851j,0.758663-2.815306j,0.098542
-0.992067+0.913025j,0.739261-3.479643j,0.760811-2.811027j,0.100219
-0.991694+0.916343j,0.740238-3.484422j,0.762978-2.806776j,0.101896
-0.991323+0.919622j,0.741228-3.489189j,0.765163-2.802552j,0.103572
-0.990936+0.923019j,0.742279-3.494174j,0.767474-2.798151j,0.105331
-0.990551+0.926376j,0.743344-3.499146j,0.769805-2.793779j,0.107089
-0.990169+0.929692j,0.744422-3.504104j,0.772155-2.789435j,0.108847
-0.989770+0.933131j,0.745567-3.509292j,0.774641-2.784909j,0.110692
-0.989373+0.936529j,0.746728-3.514465j,0.777147-2.780413j,0.112537
-0.988979+0.939887j,0.747903-3.519624j,0.779673-2.775949j,0.114382
-0.988568+0.943365j,0.749150-3.525016j,0.782341-2.771304j,0.116315
-0.988159+0.946802j,0.750413-3.530392j,0.785030-2.766692j,0.118249
-0.987753+0.950199j,0.751693-3.535753j,0.787740-2.762114j,0.120182
-0.987329+0.953717j,0.753051-3.541354j,0.790600-2.757352j,0.122208
-0.986908+0.957193j,0.754426-3.546939j,0.793483-2.752626j,0.124233
-0.986489+0.960630j,0.755819-3.552507j,0.796386-2.747936j,0.126259
-0.986052+0.964190j,0.757298-3.558326j,0.799451-2.743059j,0.128382
-0.985617+0.967709j,0.758796-3.564127j,0.802538-2.738220j,0.130505
-0.985184+0.971187j,0.760314-3.569911j,0.805646-2.733419j,0.132628
-0.984733+0.974793j,0.761925-3.575957j,0.808928-2.728427j,0.134854
-0.984284+0.978357j,0.763557-3.581984j,0.812233-2.723476j,0.137080
-0.983837+0.981881j,0.765210-3.587992j,0.815559-2.718567j,0.139305
-0.983371+0.985535j,0.766966-3.594274j,0.819072-2.713461j,0.141640
-0.982906+0.989148j,0.768745-3.600536j,0.822607-2.708399j,0.143975
-0.982444+0.992720j,0.770546-3.606778j,0.826165-2.703382j,0.146309
-0.981961+0.996427j,0.772460-3.613307j,0.829922-2.698164j,0.148759
-0.981480+1.000092j,0.774399-3.619814j,0.833703-2.692995j,0.151209
-0.981002+1.003716j,0.776362-3.626299j,0.837506-2.687872j,0.153658
-0.980501+1.007478j,0.778450-3.633085j,0.841522-2.682545j,0.156230
-0.980003+1.011198j,0.780564-3.639847j,0.845563-2.677269j,0.158802
-0.979506+1.014878j,0.782704-3.646585j,0.849626-2.672044j,0.161373
-0.978987+1.018700j,0.784981-3.653639j,0.853919-2.666610j,0.164074
-0.978469+1.022480j,0.787287-3.660666j,0.858235-2.661231j,0.166776
-0.977954+1.026219j,0.789621-3.667669j,0.862574-2.655907j,0.169476
-0.977414+1.030106j,0.792105-3.675001j,0.867159-2.650369j,0.172315
-0.976876+1.033950j,0.794620-3.682305j,0.871768-2.644891j,0.175154
-0.976322+1.037882j,0.797253-3.689829j,0.876558-2.639288j,0.178090
-0.975769+1.041771j,0.799919-3.697325j,0.881373-2.633746j,0.181025
-0.975199+1.045751j,0.802712-3.705048j,0.886378-2.628078j,0.184063
-0.974631+1.049687j,0.805539-3.712740j,0.891407-2.622474j,0.187100
-0.974045+1.053717j,0.808500-3.720668j,0.896636-2.616744j,0.190242
-0.973461+1.057704j,0.811497-3.728562j,0.901888-2.611081j,0.193385
-0.972857+1.061787j,0.814638-3.736699j,0.907348-2.605291j,0.196638
-0.972256+1.065826j,0.817816-3.744800j,0.912832-2.599573j,0.199891
-0.971634+1.069963j,0.821146-3.753150j,0.918532-2.593727j,0.203259
-0.971014+1.074056j,0.824516-3.761463j,0.924256-2.587957j,0.206626
-0.970373+1.078250j,0.828047-3.770031j,0.930206-2.582060j,0.210114
-0.969734+1.082400j,0.831619-3.778559j,0.936178-2.576241j,0.213600
-0.969073+1.086652j,0.835362-3.787348j,0.942385-2.570298j,0.217211
-0.968414+1.090860j,0.839149-3.796094j,0.948614-2.564437j,0.220822
-0.967732+1.095173j,0.843115-3.805106j,0.955087-2.558453j,0.224561
-0.967051+1.099440j,0.847126-3.814073j,0.961580-2.552555j,0.228300
-0.966347+1.103814j,0.851327-3.823309j,0.968323-2.546539j,0.232171
-0.965644+1.108142j,0.855574-3.832497j,0.975087-2.540612j,0.236042
-0.964917+1.112576j,0.860019-3.841954j,0.982107-2.534572j,0.240048
-0.964191+1.116965j,0.864513-3.851360j,0.989146-2.528626j,0.244054
-0.963465+1.121311j,0.869055-3.860714j,0.996202-2.522772j,0.248059
-0.962711+1.125782j,0.873826-3.870381j,1.003554-2.516785j,0.252222
-0.961958+1.130210j,0.878647-3.879992j,1.010922-2.510896j,0.256384
-0.961205+1.134595j,0.883517-3.889549j,1.018305-2.505102j,0.260546
-0.960451+1.138938j,0.888436-3.899050j,1.025703-2.499402j,0.264707
-0.959668+1.143414j,0.893603-3.908875j,1.033411-2.493573j,0.269036
-0.958885+1.147847j,0.898820-3.918641j,1.041132-2.487843j,0.273364
-0.958101+1.152240j,0.904087-3.928347j,1.048866-2.482211j,0.277692
-0.957317+1.156594j,0.909403-3.937995j,1.056610-2.476676j,0.282019
-0.956505+1.161060j,0.914955-3.947921j,1.064636-2.471045j,0.286499
-0.955693+1.165487j,0.920558-3.957785j,1.072672-2.465515j,0.290978
-0.954879+1.169875j,0.926209-3.967586j,1.080715-2.460084j,0.295457
-0.954065+1.174226j,0.931908-3.977325j,1.088766-2.454749j,0.299935
-0.953250+1.178541j,0.937654-3.987003j,1.096822-2.449511j,0.304413
-0.952402+1.182990j,0.943676-3.997000j,1.105203-2.444164j,0.309069
-0.951552+1.187403j,0.949746-4.006930j,1.113589-2.438918j,0.313724
-0.950701+1.191779j,0.955864-4.016795j,1.121978-2.433771j,0.318379
-0.949849+1.196121j,0.962027-4.026595j,1.130369-2.428720j,0.323034
-0.948996+1.200430j,0.968236-4.036329j,1.138762-2.423766j,0.327688
-0.948109+1.204862j,0.974718-4.046353j,1.147464-2.418728j,0.332514
-0.947221+1.209260j,0.981247-4.056307j,1.156165-2.413790j,0.337339
-0.946331+1.213625j,0.987820-4.066193j,1.164865-2.408950j,0.342164
-0.945439+1.217959j,0.994436-4.076010j,1.173563-2.404206j,0.346988
-0.944545+1.222261j,1.001095-4.085759j,1.182258-2.399557j,0.351812
-0.943618+1.226679j,1.008027-4.095774j,1.191249-2.394846j,0.356803
-0.942688+1.231066j,1.015002-4.105717j,1.200236-2.390232j,0.361793
-0.941756+1.235423j,1.022018-4.115588j,1.209216-2.385715j,0.366783
-0.940822+1.239750j,1.029074-4.125388j,1.218191-2.381293j,0.371773
-0.939885+1.244048j,1.036169-4.135117j,1.227158-2.376964j,0.376762
-0.938946+1.248317j,1.043302-4.144777j,1.236118-2.372726j,0.381751
-0.937967+1.252724j,1.050751-4.154738j,1.245416-2.368420j,0.386934
-0.936986+1.257102j,1.058239-4.164624j,1.254705-2.364209j,0.392117
-0.936001+1.261452j,1.065763-4.174436j,1.263983-2.360093j,0.397299
-0.935013+1.265775j,1.073323-4.184175j,1.273251-2.356068j,0.402481
-0.934023+1.270071j,1.080918-4.193841j,1.282506-2.352135j,0.407663
-0.933029+1.274342j,1.088546-4.203435j,1.291750-2.348291j,0.412844
-0.931995+1.278741j,1.096483-4.213300j,1.301314-2.344401j,0.418212
-0.930958+1.283113j,1.104454-4.223088j,1.310863-2.340603j,0.423581
-0.929918+1.287460j,1.112457-4.232801j,1.320398-2.336896j,0.428948
-0.928873+1.291782j,1.120491-4.242439j,1.329918-2.333279j,0.434316
-0.927825+1.296080j,1.128554-4.252002j,1.339422-2.329750j,0.439683
-0.926773+1.300355j,1.136646-4.261492j,1.348910-2.326306j,0.445050
-0.925717+1.304606j,1.144765-4.270909j,1.358381-2.322948j,0.450417
-0.924616+1.309001j,1.153229-4.280618j,1.368205-2.319547j,0.455993
-0.923511+1.313371j,1.161721-4.290249j,1.378010-2.316235j,0.461569
-0.922401+1.317719j,1.170238-4.299804j,1.387796-2.313009j,0.467145
-0.921287+1.322045j,1.178780-4.309283j,1.397562-2.309868j,0.472720
-0.920168+1.326348j,1.187345-4.318688j,1.407309-2.306812j,0.478295
-0.919045+1.330631j,1.195933-4.328018j,1.417036-2.303838j,0.483870
-0.917918+1.334893j,1.204542-4.337276j,1.426742-2.300944j,0.489445
-0.916744+1.339288j,1.213485-4.346791j,1.436778-2.298030j,0.495221
-0.915566+1.343662j,1.222448-4.356230j,1.446792-2.295200j,0.500997
-0.914383+1.348016j,1.231430-4.365593j,1.456783-2.292453j,0.506773
-0.913195+1.352350j,1.240431-4.374880j,1.466752-2.289786j,0.512549
-0.912001+1.356664j,1.249450-4.384094j,1.476697-2.287198j,0.518324
-0.910803+1.360959j,1.258485-4.393233j,1.486620-2.284689j,0.524099
-0.909599+1.365235j,1.267535-4.402301j,1.496519-2.282257j,0.529873
-0.908390+1.369494j,1.276600-4.411296j,1.506394-2.279899j,0.535648
-0.907176+1.373734j,1.285678-4.420221j,1.516246-2.277616j,0.541422
-0.905914+1.378107j,1.295091-4.429387j,1.526421-2.275329j,0.547401
-0.904645+1.382461j,1.304516-4.438480j,1.536571-2.273119j,0.553379
-0.903371+1.386798j,1.313953-4.447499j,1.546695-2.270984j,0.559357
-0.902091+1.391117j,1.323400-4.456446j,1.556793-2.268922j,0.565334
-0.900806+1.395420j,1.332857-4.465322j,1.566865-2.266934j,0.571312
-0.899514+1.399706j,1.342323-4.474127j,1.576912-2.265017j,0.577289
-0.898217+1.403977j,1.351796-4.482864j,1.586932-2.263170j,0.583266
-0.896913+1.408231j,1.361277-4.491531j,1.596927-2.261392j,0.589243
-0.895604+1.412470j,1.370765-4.500131j,1.606895-2.259681j,0.595219
-0.894241+1.416848j,1.380601-4.508972j,1.617198-2.257979j,0.601412
-0.892872+1.421209j,1.390443-4.517742j,1.627472-2.256348j,0.607605
-0.891496+1.425555j,1.400290-4.526443j,1.637718-2.254785j,0.613798
-0.890113+1.429886j,1.410140-4.535075j,1.647936-2.253290j,0.619990
-0.888724+1.434202j,1.419992-4.543639j,1.658127-2.251862j,0.626182
-0.887329+1.438504j,1.429847-4.552137j,1.668289-2.250499j,0.632374
-0.885927+1.442792j,1.439703-4.560568j,1.678424-2.249201j,0.638566
-0.884518+1.447067j,1.449560-4.568935j,1.688531-2.247966j,0.644758
-0.883102+1.451328j,1.459417-4.577238j,1.698610-2.246793j,0.650949
-0.881628+1.455731j,1.469635-4.585779j,1.709029-2.245641j,0.657368
-0.880147+1.460121j,1.479851-4.594252j,1.719419-2.244554j,0.663786
-0.878658+1.464497j,1.490065-4.602661j,1.729779-2.243531j,0.670204
-0.877162+1.468860j,1.500277-4.611004j,1.740110-2.242570j,0.676622
-0.875658+1.473210j,1.510486-4.619284j,1.750412-2.241670j,0.683039
-0.874148+1.477547j,1.520690-4.627500j,1.760684-2.240831j,0.689457
-0.872630+1.481872j,1.530891-4.635655j,1.770927-2.240050j,0.695874
-0.871104+1.486186j,1.541086-4.643749j,1.781141-2.239328j,0.702291
-0.869572+1.490487j,1.551276-4.651783j,1.791326-2.238663j,0.708708
-0.867975+1.494934j,1.561834-4.660049j,1.801855-2.238034j,0.715361
-0.866370+1.499369j,1.572385-4.668254j,1.812353-2.237463j,0.722014
-0.864757+1.503792j,1.582929-4.676396j,1.822821-2.236951j,0.728666
-0.863136+1.508203j,1.593465-4.684478j,1.833258-2.236497j,0.735318
-0.861507+1.512603j,1.603992-4.692501j,1.843664-2.236099j,0.741970
-0.859870+1.516992j,1.614510-4.700464j,1.854041-2.235757j,0.748622
-0.858225+1.521369j,1.625019-4.708370j,1.864387-2.235469j,0.755274
-0.856572+1.525736j,1.635518-4.716220j,1.874704-2.235235j,0.761926
-0.854910+1.530093j,1.646007-4.724013j,1.884991-2.235054j,0.768577
-0.853180+1.534598j,1.656868-4.732033j,1.895622-2.234921j,0.775471
-0.851440+1.539091j,1.667717-4.739995j,1.906222-2.234843j,0.782366
-0.849692+1.543575j,1.678554-4.747900j,1.916791-2.234819j,0.789260
-0.847935+1.548048j,1.689378-4.755748j,1.927328-2.234849j,0.796154
-0.846169+1.552510j,1.700190-4.763542j,1.937835-2.234930j,0.803048
-0.844394+1.556963j,1.710988-4.771281j,1.948311-2.235063j,0.809941
-0.842610+1.561406j,1.721772-4.778966j,1.958756-2.235246j,0.816835
-0.840817+1.565839j,1.732543-4.786599j,1.969171-2.235479j,0.823728
-0.839016+1.570263j,1.743299-4.794181j,1.979555-2.235761j,0.830622
-0.837140+1.574836j,1.754428-4.801982j,1.990283-2.236104j,0.837764
-0.835254+1.579400j,1.765541-4.809730j,2.000980-2.236498j,0.844906
-0.833358+1.583955j,1.776638-4.817425j,2.011644-2.236942j,0.852047
-0.831453+1.588500j,1.787719-4.825069j,2.022277-2.237435j,0.859189
-0.829538+1.593036j,1.798783-4.832661j,2.032878-2.237976j,0.866331
-0.827614+1.597562j,1.809830-4.840204j,2.043449-2.238565j,0.873472
-0.825680+1.602080j,1.820860-4.847698j,2.053989-2.239200j,0.880613
-0.823735+1.606590j,1.831872-4.855143j,2.064498-2.239882j,0.887754
-0.821782+1.611090j,1.842866-4.862541j,2.074977-2.240610j,0.894895
-0.819748+1.615742j,1.854232-4.870152j,2.085796-2.241410j,0.902290
-0.817704+1.620385j,1.865579-4.877714j,2.096583-2.242257j,0.909684
-0.815649+1.625019j,1.876906-4.885228j,2.107338-2.243151j,0.917078
-0.813584+1.629645j,1.888213-4.892695j,2.118061-2.244090j,0.924472
-0.811509+1.634262j,1.899501-4.900115j,2.128754-2.245074j,0.931866
-0.809422+1.638871j,1.910768-4.907490j,2.139415-2.246102j,0.939259
-0.807325+1.643472j,1.922016-4.914820j,2.150045-2.247174j,0.946653
-0.805218+1.648065j,1.933243-4.922105j,2.160645-2.248289j,0.954046
-0.803099+1.652651j,1.944449-4.929348j,2.171214-2.249446j,0.961439
-0.800896+1.657388j,1.956023-4.936797j,2.182119-2.250687j,0.969089
-0.798682+1.662116j,1.967575-4.944202j,2.192992-2.251972j,0.976739
-0.796455+1.666837j,1.979105-4.951563j,2.203833-2.253299j,0.984389
-0.794218+1.671550j,1.990612-4.958881j,2.214643-2.254670j,0.992039
-0.791969+1.676255j,2.002097-4.966157j,2.225421-2.256082j,0.999688
-0.789708+1.680953j,2.013559-4.973392j,2.236169-2.257535j,1.007338
-0.787436+1.685644j,2.024999-4.980586j,2.246886-2.259029j,1.014987
-0.785152+1.690327j,2.036415-4.987740j,2.257572-2.260562j,1.022636
-0.782856+1.695003j,2.047810-4.994854j,2.268229-2.262135j,1.030285
-0.780471+1.699830j,2.059566-5.002170j,2.279215-2.263802j,1.038193
-0.778073+1.704650j,2.071298-5.009445j,2.290169-2.265510j,1.046101
-0.775663+1.709462j,2.083005-5.016681j,2.301092-2.267258j,1.054009
-0.773240+1.714267j,2.094688-5.023878j,2.311983-2.269045j,1.061917
-0.770805+1.719065j,2.106346-5.031037j,2.322844-2.270872j,1.069824
-0.768357+1.723857j,2.117980-5.038158j,2.333674-2.272736j,1.077732
-0.765896+1.728641j,2.129589-5.045243j,2.344474-2.274639j,1.085639
-0.763423+1.733419j,2.141174-5.052293j,2.355244-2.276579j,1.093547
-0.760937+1.738190j,2.152734-5.059307j,2.365984-2.278555j,1.101454
-0.758439+1.742954j,2.164270-5.066286j,2.376694-2.280568j,1.109361
-0.755836+1.747886j,2.176201-5.073485j,2.387765-2.282692j,1.117557
-0.753220+1.752811j,2.188106-5.080648j,2.398805-2.284854j,1.125753
-0.750590+1.757730j,2.199985-5.087776j,2.409814-2.287053j,1.133949
-0.747946+1.762641j,2.211837-5.094870j,2.420792-2.289289j,1.142145
-0.745288+1.767547j,2.223663-5.101931j,2.431740-2.291561j,1.150341
-0.742617+1.772445j,2.235463-5.108958j,2.442657-2.293868j,1.158536
-0.739932+1.777338j,2.247236-5.115953j,2.453545-2.296211j,1.166732
-0.737233+1.782224j,2.258983-5.122916j,2.464403-2.298588j,1.174927
-0.734521+1.787104j,2.270705-5.129849j,2.475231-2.300999j,1.183123
-0.731795+1.791977j,2.282400-5.136751j,2.486031-2.303444j,1.191318
-0.728958+1.797017j,2.294480-5.143865j,2.497182-2.306010j,1.199802
-0.726106+1.802050j,2.306533-5.150948j,2.508302-2.308612j,1.208287
-0.723239+1.807077j,2.318558-5.158000j,2.519391-2.311248j,1.216771
-0.720358+1.812097j,2.330556-5.165022j,2.530451-2.313918j,1.225256
-0.717461+1.817112j,2.342525-5.172015j,2.541481-2.316621j,1.233740
-0.714550+1.822120j,2.354467-5.178979j,2.552481-2.319358j,1.242224
-0.711624+1.827122j,2.366382-5.185914j,2.563452-2.322127j,1.250709
-0.708682+1.832119j,2.378269-5.192822j,2.574394-2.324929j,1.259193
-0.705726+1.837109j,2.390129-5.199703j,2.585307-2.327763j,1.267677
-0.702755+1.842094j,2.401962-5.206557j,2.596191-2.330627j,1.276160
-0.699667+1.847242j,2.414169-5.213617j,2.607417-2.333622j,1.284933
-0.696562+1.852384j,2.426348-5.220650j,2.618612-2.336650j,1.293706
-0.693442+1.857520j,2.438497-5.227657j,2.629778-2.339710j,1.302479
-0.690305+1.862650j,2.450618-5.234637j,2.640915-2.342802j,1.311251
-0.687152+1.867774j,2.462711-5.241591j,2.652022-2.345925j,1.320024
-0.683983+1.872893j,2.474775-5.248521j,2.663100-2.349078j,1.328796
-0.680798+1.878005j,2.486810-5.255426j,2.674150-2.352263j,1.337569
-0.677597+1.883112j,2.498817-5.262307j,2.685171-2.355477j,1.346341
-0.674379+1.888213j,2.510796-5.269164j,2.696165-2.358722j,1.355113
-0.671145+1.893308j,2.522747-5.275999j,2.707130-2.361995j,1.363885
-0.667895+1.898398j,2.534671-5.282810j,2.718067-2.365297j,1.372657
-0.664510+1.903665j,2.546994-5.289844j,2.729370-2.368749j,1.381745
-0.661108+1.908926j,2.559287-5.296855j,2.740643-2.372231j,1.390833
-0.657688+1.914181j,2.571552-5.303844j,2.751888-2.375742j,1.399921
-0.654251+1.919430j,2.583786-5.310810j,2.763104-2.379284j,1.409008
-0.650796+1.924674j,2.595992-5.317754j,2.774291-2.382854j,1.418096
-0.647323+1.929911j,2.608168-5.324677j,2.785451-2.386453j,1.427183
-0.643832+1.935143j,2.620315-5.331580j,2.796582-2.390080j,1.436271
-0.640324+1.940369j,2.632434-5.338462j,2.807686-2.393736j,1.445358
-0.636798+1.945590j,2.644523-5.345325j,2.818763-2.397418j,1.454445
-0.633255+1.950805j,2.656584-5.352168j,2.829812-2.401129j,1.463533
-0.629693+1.956014j,2.668617-5.358992j,2.840834-2.404866j,1.472620
-0.625990+1.961396j,2.681034-5.366032j,2.852208-2.408760j,1.482020
-0.622268+1.966773j,2.693422-5.373052j,2.863554-2.412682j,1.491420
-0.618527+1.972144j,2.705779-5.380053j,2.874872-2.416632j,1.500820
-0.614766+1.977509j,2.718107-5.387036j,2.886162-2.420610j,1.510220
-0.610987+1.982868j,2.730405-5.394001j,2.897424-2.424614j,1.519620
-0.607188+1.988221j,2.742673-5.400949j,2.908659-2.428645j,1.529020
-0.603370+1.993569j,2.754912-5.407879j,2.919867-2.432703j,1.538419
-0.599533+1.998910j,2.767122-5.414792j,2.931048-2.436787j,1.547819
-0.595676+2.004246j,2.779303-5.421688j,2.942203-2.440897j,1.557219
-0.591800+2.009576j,2.791455-5.428569j,2.953331-2.445032j,1.566618
-0.587905+2.014900j,2.803578-5.435434j,2.964433-2.449192j,1.576018
-0.583990+2.020219j,2.815673-5.442284j,2.975509-2.453377j,1.585417
-0.579914+2.025722j,2.828172-5.449363j,2.986955-2.457739j,1.595154
-0.575818+2.031219j,2.840640-5.456427j,2.998374-2.462126j,1.604890
-0.571701+2.036709j,2.853078-5.463475j,3.009766-2.466539j,1.614626
-0.567562+2.042194j,2.865486-5.470509j,3.021130-2.470978j,1.624362
-0.563403+2.047672j,2.877864-5.477528j,3.032469-2.475441j,1.634098
-0.559223+2.053145j,2.890213-5.484533j,3.043780-2.479930j,1.643834
-0.555022+2.058611j,2.902532-5.491524j,3.055066-2.484443j,1.653570
-0.550799+2.064071j,2.914822-5.498502j,3.066325-2.488981j,1.663306
-0.546556+2.069525j,2.927083-5.505466j,3.077559-2.493542j,1.673042
-0.542291+2.074973j,2.939315-5.512418j,3.088768-2.498128j,1.682777
-0.538006+2.080415j,2.951518-5.519357j,3.099951-2.502736j,1.692513
-0.533699+2.085850j,2.963692-5.526284j,3.111109-2.507368j,1.702249
-0.529223+2.091465j,2.976251-5.533435j,3.122620-2.512182j,1.712316
-0.524725+2.097073j,2.988780-5.540573j,3.134106-2.517020j,1.722382
-0.520204+2.102674j,3.001279-5.547699j,3.145565-2.521882j,1.732449
-0.515660+2.108268j,3.013748-5.554813j,3.156998-2.526768j,1.742516
-0.511093+2.113857j,3.026187-5.561916j,3.168406-2.531677j,1.752583
-0.506503+2.119438j,3.038597-5.569009j,3.179788-2.536610j,1.762649
-0.501891+2.125013j,3.050978-5.576090j,3.191145-2.541565j,1.772716
-0.497256+2.130581j,3.063329-5.583161j,3.202477-2.546543j,1.782782
-0.492597+2.136143j,3.075651-5.590221j,3.213783-2.551543j,1.792849
-0.487916+2.141698j,3.087945-5.597272j,3.225066-2.556566j,1.802915
-0.483212+2.147247j,3.100210-5.604313j,3.236324-2.561610j,1.812982
-0.478485+2.152789j,3.112446-5.611345j,3.247557-2.566677j,1.823048
-0.473734+2.158324j,3.124654-5.618368j,3.258767-2.571764j,1.833115
-0.468794+2.164045j,3.137259-5.625627j,3.270343-2.577052j,1.843532
-0.463828+2.169759j,3.149834-5.632876j,3.281893-2.582362j,1.853950
-0.458838+2.175466j,3.162379-5.640117j,3.293419-2.587695j,1.864367
-0.453824+2.181166j,3.174894-5.647349j,3.304919-2.593050j,1.874785
-0.448784+2.186858j,3.187380-5.654573j,3.316395-2.598426j,1.885202
-0.443719+2.192544j,3.199837-5.661789j,3.327846-2.603824j,1.895619
-0.438630+2.198221j,3.212265-5.668996j,3.339273-2.609243j,1.906037
-0.433515+2.203892j,3.224664-5.676197j,3.350676-2.614684j,1.916454
-0.428375+2.209555j,3.237035-5.683390j,3.362055-2.620145j,1.926871
-0.423211+2.215211j,3.249376-5.690576j,3.373410-2.625627j,1.937288
-0.418021+2.220859j,3.261690-5.697755j,3.384742-2.631129j,1.947705
-0.412806+2.226500j,3.273975-5.704928j,3.396050-2.636652j,1.958122
-0.407566+2.232133j,3.286233-5.712094j,3.407336-2.642195j,1.968539
-0.402301+2.237759j,3.298462-5.719254j,3.418598-2.647757j,1.978957
-0.396824+2.243575j,3.311095-5.726661j,3.430235-2.653537j,1.989742
-0.391319+2.249384j,3.323699-5.734061j,3.441847-2.659338j,2.000527
-0.385787+2.255184j,3.336273-5.741456j,3.453435-2.665160j,2.011312
-0.380228+2.260976j,3.348818-5.748845j,3.465000-2.671002j,2.022097
-0.374641+2.266760j,3.361335-5.756229j,3.476540-2.676864j,2.032882
-0.369028+2.272535j,3.373822-5.763608j,3.488058-2.682746j,2.043667
-0.363387+2.278302j,3.386281-5.770981j,3.499552-2.688648j,2.054451
-0.357719+2.284061j,3.398712-5.778349j,3.511023-2.694570j,2.065236
-0.352024+2.289811j,3.411115-5.785713j,3.522471-2.700511j,2.076021
-0.346301+2.295553j,3.423489-5.793073j,3.533896-2.706472j,2.086806
-0.340551+2.301285j,3.435836-5.800428j,3.545298-2.712451j,2.097591
-0.334774+2.307010j,3.448155-5.807779j,3.556679-2.718449j,2.108375
-0.328969+2.312725j,3.460446-5.815127j,3.568037-2.724467j,2.119160
-0.323137+2.318432j,3.472711-5.822470j,3.579373-2.730502j,2.129945
-0.317277+2.324130j,3.484948-5.829811j,3.590687-2.736556j,2.140729
-0.311181+2.330021j,3.497590-5.837407j,3.602379-2.742843j,2.151895
-0.305055+2.335902j,3.510203-5.845000j,3.614047-2.749150j,2.163061
-0.298899+2.341773j,3.522787-5.852590j,3.625693-2.755476j,2.174227
-0.292714+2.347635j,3.535343-5.860177j,3.637316-2.761821j,2.185393
-0.286500+2.353487j,3.547871-5.867761j,3.648916-2.768184j,2.196559
-0.280255+2.359329j,3.560371-5.875342j,3.660494-2.774566j,2.207725
-0.273981+2.365161j,3.572843-5.882921j,3.672050-2.780966j,2.218891
-0.267677+2.370983j,3.585287-5.890498j,3.683583-2.787385j,2.230057
-0.261343+2.376795j,3.597704-5.898072j,3.695095-2.793822j,2.241223
-0.254979+2.382598j,3.610094-5.905645j,3.706585-2.800277j,2.252389
-0.248586+2.388390j,3.622456-5.913215j,3.718053-2.806749j,2.263554
-0.242162+2.394171j,3.634791-5.920784j,3.729500-2.813239j,2.274720
-0.235709+2.399943j,3.647100-5.928352j,3.740926-2.819746j,2.285886
-0.229225+2.405704j,3.659381-5.935918j,3.752330-2.826271j,2.297051
-0.222712+2.411455j,3.671637-5.943482j,3.763714-2.832813j,2.308217
-0.216168+2.417195j,3.683866-5.951046j,3.775077-2.839371j,2.319383
-0.209364+2.423125j,3.696495-5.958873j,3.786815-2.846178j,2.330939
-0.202527+2.429044j,3.709097-5.966700j,3.798532-2.853001j,2.342495
-0.195658+2.434951j,3.721670-5.974526j,3.810227-2.859843j,2.354051
-0.188757+2.440846j,3.734217-5.982351j,3.821901-2.866702j,2.365607
-0.181823+2.446730j,3.746736-5.990176j,3.833552-2.873579j,2.377163
-0.174857+2.452602j,3.759227-5.998000j,3.845183-2.880472j,2.388719
-0.167858+2.458462j,3.771692-6.005825j,3.856792-2.887383j,2.400276
-0.160827+2.464311j,3.784130-6.013649j,3.868380-2.894311j,2.411832
-0.153763+2.470147j,3.796541-6.021473j,3.879948-2.901256j,2.423388
-0.146667+2.475971j,3.808926-6.029298j,3.891494-2.908217j,2.434943
-0.139538+2.481783j,3.821284-6.037123j,3.903021-2.915194j,2.446499
-0.132377+2.487583j,3.833616-6.044948j,3.914526-2.922188j,2.458055
-0.125182+2.493370j,3.845922-6.052774j,3.926011-2.929199j,2.469611
-0.117956+2.499145j,3.858202-6.060600j,3.937476-2.936225j,2.481167
-0.110696+2.504907j,3.870456-6.068428j,3.948922-2.943267j,2.492723
-0.103403+2.510656j,3.882685-6.076256j,3.960347-2.950325j,2.504279
-0.096078+2.516393j,3.894888-6.084086j,3.971752-2.957399j,2.515835
-0.088468+2.522312j,3.907483-6.092184j,3.983527-2.964731j,2.527785
-0.080822+2.528218j,3.920050-6.100284j,3.995281-2.972080j,2.539736
-0.073141+2.534109j,3.932591-6.108385j,4.007014-2.979445j,2.551687
-0.065425+2.539986j,3.945105-6.116488j,4.018727-2.986826j,2.563638
-0.057674+2.545850j,3.957592-6.124592j,4.030420-2.994223j,2.575588
-0.049887+2.551698j,3.970054-6.132698j,4.042092-3.001637j,2.587539
-0.042065+2.557533j,3.982489-6.140807j,4.053744-3.009066j,2.599490
-0.034208+2.563353j,3.994899-6.148917j,4.065376-3.016511j,2.611440
-0.026315+2.569158j,4.007283-6.157029j,4.076988-3.023971j,2.623391
-0.018387+2.574948j,4.019641-6.165143j,4.088580-3.031447j,2.635341
-0.010423+2.580724j,4.031974-6.173260j,4.100153-3.038938j,2.647292
-0.002424+2.586484j,4.044281-6.181379j,4.111706-3.046445j,2.659242
0.005611+2.592230j,4.056563-6.189500j,4.123240-3.053966j,2.671193
0.013681+2.597960j,4.068821-6.197624j,4.134755-3.061503j,2.683143
0.021787+2.603675j,4.081053-6.205751j,4.146250-3.069054j,2.695094
0.029928+2.609374j,4.093261-6.213880j,4.157727-3.076621j,2.707044
0.038106+2.615058j,4.105444-6.222012j,4.169184-3.084201j,2.718995
0.046319+2.620726j,4.117603-6.230147j,4.180623-3.091797j,2.730945
0.054567+2.626378j,4.129738-6.238285j,4.192044-3.099407j,2.742896
0.063140+2.632210j,4.142269-6.246709j,4.203841-3.107296j,2.755261
0.071751+2.638024j,4.154774-6.255137j,4.215619-3.115200j,2.767626
0.080401+2.643821j,4.167253-6.263567j,4.227377-3.123120j,2.779991
0.089089+2.649601j,4.179708-6.272002j,4.239116-3.131054j,2.792356
0.097815+2.655363j,4.192137-6.280439j,4.250835-3.139003j,2.804720
0.106580+2.661107j,4.204541-6.288881j,4.262536-3.146967j,2.817085
0.115383+2.666833j,4.216920-6.297326j,4.274217-3.154946j,2.829450
0.124225+2.672542j,4.229274-6.305775j,4.285879-3.162939j,2.841815
0.133105+2.678232j,4.241604-6.314228j,4.297523-3.170947j,2.854180
0.142024+2.683903j,4.253909-6.322685j,4.309147-3.178969j,2.866545
0.150981+2.689556j,4.266190-6.331146j,4.320754-3.187005j,2.878910
0.159977+2.695191j,4.278447-6.339612j,4.332341-3.195055j,2.891275
0.169012+2.700807j,4.290680-6.348081j,4.343911-3.203120j,2.903639
0.178085+2.706404j,4.302889-6.356555j,4.355462-3.211198j,2.916004
0.187197+2.711982j,4.315074-6.365033j,4.366995-3.219290j,2.928369
0.196348+2.717540j,4.327235-6.373515j,4.378510-3.227396j,2.940734
0.205538+2.723079j,4.339374-6.382002j,4.390007-3.235516j,2.953099
0.214766+2.728599j,4.351488-6.390493j,4.401486-3.243649j,2.965463
0.224033+2.734099j,4.363580-6.398989j,4.412947-3.251795j,2.977828
0.233339+2.739580j,4.375648-6.407490j,4.424391-3.259955j,2.990193
0.242684+2.745040j,4.387694-6.415995j,4.435817-3.268128j,3.002557
0.252068+2.750480j,4.399717-6.424505j,4.447226-3.276314j,3.014922
0.261490+2.755900j,4.411717-6.433020j,4.458618-3.284513j,3.027287
0.271279+2.761486j,4.424107-6.441833j,4.470385-3.293009j,3.040078
0.281110+2.767050j,4.436474-6.450652j,4.482133-3.301519j,3.052869
0.290982+2.772591j,4.448816-6.459476j,4.493863-3.310043j,3.065659
0.300896+2.778110j,4.461135-6.468306j,4.505575-3.318580j,3.078450
0.310851+2.783607j,4.473431-6.477141j,4.517269-3.327130j,3.091241
0.320849+2.789081j,4.485703-6.485982j,4.528946-3.335694j,3.104032
0.330888+2.794532j,4.497951-6.494828j,4.540604-3.344272j,3.116823
0.340969+2.799960j,4.510177-6.503679j,4.552245-3.352863j,3.129614
0.351092+2.805365j,4.522379-6.512537j,4.563868-3.361466j,3.142404
0.361256+2.810746j,4.534559-6.521399j,4.575474-3.370083j,3.155195
0.371463+2.816104j,4.546716-6.530268j,4.587062-3.378713j,3.167986
0.381711+2.821438j,4.558850-6.539143j,4.598633-3.387356j,3.180777
0.392002+2.826748j,4.570962-6.548023j,4.610187-3.396012j,3.193567
0.402334+2.832034j,4.583051-6.556909j,4.621724-3.404681j,3.206358
0.412708+2.837296j,4.595118-6.565801j,4.633244-3.413362j,3.219149
0.423124+2.842534j,4.607163-6.574699j,4.644747-3.422056j,3.231940
0.433582+2.847747j,4.619186-6.583603j,4.656233-3.430762j,3.244730
0.444083+2.852935j,4.631187-6.592513j,4.667703-3.439481j,3.257521
0.454625+2.858098j,4.643166-6.601429j,4.679156-3.448212j,3.270312
0.465209+2.863236j,4.655124-6.610351j,4.690592-3.456956j,3.283103
0.475835+2.868348j,4.667060-6.619279j,4.702012-3.465712j,3.295893
0.486503+2.873435j,4.678975-6.628214j,4.713416-3.474480j,3.308684
0.497214+2.878496j,4.690868-6.637154j,4.724803-3.483260j,3.321475
0.507966+2.883532j,4.702741-6.646101j,4.736174-3.492052j,3.334265
0.518761+2.888541j,4.714592-6.655054j,4.747529-3.500856j,3.347056
0.529597+2.893524j,4.726423-6.664014j,4.758868-3.509672j,3.359847
0.540476+2.898480j,4.738232-6.672980j,4.770192-3.518499j,3.372637
0.551397+2.903410j,4.750021-6.681952j,4.781499-3.527339j,3.385428
0.562359+2.908313j,4.761790-6.690931j,4.792791-3.536190j,3.398218
0.573364+2.913190j,4.773538-6.699916j,4.804067-3.545052j,3.411009
0.584411+2.918038j,4.785265-6.708908j,4.815327-3.553927j,3.423800
0.595501+2.922860j,4.796973-6.717906j,4.826572-3.562812j,3.436590
0.606632+2.927654j,4.808660-6.726911j,4.837801-3.571709j,3.449381
0.617806+2.932420j,4.820327-6.735922j,4.849015-3.580618j,3.462172
0.629021+2.937158j,4.831974-6.744940j,4.860214-3.589538j,3.474962
0.640279+2.941868j,4.843602-6.753964j,4.871397-3.598469j,3.487753
0.651579+2.946549j,4.855210-6.762996j,4.882566-3.607411j,3.500543
0.662921+2.951202j,4.866798-6.772033j,4.893719-3.616364j,3.513334
0.674305+2.955827j,4.878367-6.781078j,4.904858-3.625329j,3.526124
0.685732+2.960422j,4.889916-6.790129j,4.915981-3.634304j,3.538915
0.697200+2.964988j,4.901446-6.799187j,4.927090-3.643290j,3.551706
0.708711+2.969525j,4.912957-6.808252j,4.938184-3.652287j,3.564496
0.720660+2.974186j,4.924842-6.817634j,4.949642-3.661604j,3.577724
0.732654+2.978815j,4.936706-6.827024j,4.961085-3.670932j,3.590952
0.744694+2.983412j,4.948550-6.836421j,4.972512-3.680271j,3.604179
0.756778+2.987977j,4.960375-6.845825j,4.983923-3.689622j,3.617407
0.768907+2.992510j,4.972179-6.855237j,4.995319-3.698984j,3.630635
0.781082+2.997010j,4.983963-6.864656j,5.006700-3.708358j,3.643863
0.793301+3.001477j,4.995728-6.874082j,5.018066-3.717743j,3.657091
0.805566+3.005911j,5.007473-6.883516j,5.029416-3.727138j,3.670318
0.817875+3.010311j,5.019199-6.892957j,5.040751-3.736545j,3.683546
0.830230+3.014678j,5.030905-6.902406j,5.052071-3.745963j,3.696774
0.842630+3.019011j,5.042591-6.911862j,5.063377-3.755393j,3.710002
0.855074+3.023310j,5.054259-6.921326j,5.074667-3.764833j,3.723229
0.867564+3.027575j,5.065908-6.930797j,5.085943-3.774283j,3.736457
0.880099+3.031805j,5.077537-6.940276j,5.097204-3.783745j,3.749685
0.892678+3.036001j,5.089147-6.949762j,5.108450-3.793218j,3.762913
0.905303+3.040162j,5.100739-6.959257j,5.119681-3.802701j,3.776140
0.917973+3.044287j,5.112312-6.968758j,5.130898-3.812195j,3.789368
0.930687+3.048377j,5.123867-6.978267j,5.142101-3.821700j,3.802596
0.943446+3.052432j,5.135402-6.987784j,5.153289-3.831215j,3.815823
0.956251+3.056451j,5.146920-6.997309j,5.164463-3.840741j,3.829051
0.969100+3.060433j,5.158419-7.006841j,5.175623-3.850277j,3.842279
0.981994+3.064380j,5.169900-7.016381j,5.186768-3.859823j,3.855506
0.994933+3.068289j,5.181363-7.025929j,5.197899-3.869381j,3.868734
1.007917+3.072162j,5.192808-7.035484j,5.209016-3.878948j,3.881962
1.020945+3.075998j,5.204234-7.045047j,5.220119-3.888526j,3.895190
1.034019+3.079797j,5.215643-7.054618j,5.231209-3.898114j,3.908417
1.047137+3.083559j,5.227035-7.064197j,5.242284-3.907712j,3.921645
1.060300+3.087282j,5.238408-7.073783j,5.253345-3.917321j,3.934873
1.073507+3.090968j,5.249764-7.083377j,5.264393-3.926939j,3.948100
1.086759+3.094615j,5.261103-7.092979j,5.275427-3.936568j,3.961328
1.100056+3.098225j,5.272424-7.102589j,5.286447-3.946207j,3.974556
1.113398+3.101795j,5.283728-7.112207j,5.297454-3.955855j,3.987783
1.126784+3.105327j,5.295015-7.121832j,5.308448-3.965514j,4.001011
1.140214+3.108819j,5.306284-7.131465j,5.319427-3.975183j,4.014239
1.153690+3.112272j,5.317537-7.141107j,5.330394-3.984861j,4.027466
1.167209+3.115686j,5.328772-7.150755j,5.341347-3.994550j,4.040694
1.180773+3.119059j,5.339991-7.160412j,5.352286-4.004248j,4.053922
1.194382+3.122393j,5.351193-7.170077j,5.363213-4.013956j,4.067149
1.208035+3.125686j,5.362378-7.179750j,5.374126-4.023673j,4.080377
1.221732+3.128939j,5.373547-7.189430j,5.385027-4.033401j,4.093605
1.235474+3.132151j,5.384699-7.199119j,5.395914-4.043138j,4.106832
1.249260+3.135321j,5.395835-7.208815j,5.406788-4.052885j,4.120060
1.263090+3.138451j,5.406954-7.218519j,5.417649-4.062641j,4.133288
1.276965+3.141539j,5.418057-7.228232j,5.428497-4.072407j,4.146515
1.290883+3.144585j,5.429144-7.237952j,5.439333-4.082182j,4.159743
1.304846+3.147589j,5.440215-7.247680j,5.450155-4.091967j,4.172971
1.318853+3.150551j,5.451270-7.257416j,5.460965-4.101761j,4.186198
1.332904+3.153471j,5.462309-7.267160j,5.471762-4.111565j,4.199426
1.346999+3.156347j,5.473332-7.276912j,5.482547-4.121378j,4.212654
1.361138+3.159181j,5.484339-7.286672j,5.493319-4.131200j,4.225881
1.375320+3.161971j,5.495331-7.296440j,5.504078-4.141032j,4.239109
1.389547+3.164718j,5.506307-7.306216j,5.514825-4.150873j,4.252336
1.403818+3.167421j,5.517267-7.316000j,5.525560-4.160723j,4.265564
1.418132+3.170081j,5.528212-7.325792j,5.536282-4.170583j,4.278792
1.432490+3.172695j,5.539142-7.335592j,5.546992-4.180451j,4.292019
1.447382+3.175352j,5.550427-7.345733j,5.558053-4.190665j,4.305696
1.462320+3.177961j,5.561695-7.355883j,5.569101-4.200888j,4.319373
1.477305+3.180522j,5.572948-7.366042j,5.580136-4.211122j,4.333049
1.492337+3.183035j,5.584184-7.376209j,5.591158-4.221364j,4.346726
1.507415+3.185499j,5.595404-7.386385j,5.602167-4.231617j,4.360403
1.522539+3.187914j,5.606609-7.396569j,5.613163-4.241879j,4.374079
1.537710+3.190279j,5.617797-7.406762j,5.624146-4.252151j,4.387756
1.552927+3.192596j,5.628970-7.416964j,5.635117-4.262432j,4.401433
1.568190+3.194862j,5.640127-7.427174j,5.646075-4.272723j,4.415109
1.583500+3.197078j,5.651268-7.437393j,5.657020-4.283023j,4.428786
1.598855+3.199244j,5.662394-7.447620j,5.667953-4.293333j,4.442463
1.614257+3.201359j,5.673504-7.457857j,5.678873-4.303652j,4.456139
1.629704+3.203424j,5.684599-7.468101j,5.689780-4.313981j,4.469816
1.645197+3.205437j,5.695679-7.478354j,5.700675-4.324319j,4.483493
1.660736+3.207398j,5.706743-7.488616j,5.711558-4.334667j,4.497169
1.676321+3.209308j,5.717792-7.498887j,5.722428-4.345023j,4.510846
1.691951+3.211166j,5.728826-7.509166j,5.733287-4.355389j,4.524523
1.707627+3.212971j,5.739846-7.519454j,5.744132-4.365765j,4.538199
1.723348+3.214724j,5.750850-7.529750j,5.754966-4.376149j,4.551876
1.739115+3.216424j,5.761839-7.540055j,5.765788-4.386543j,4.565553
1.754927+3.218070j,5.772814-7.550369j,5.776597-4.396946j,4.579229
1.770784+3.219663j,5.783773-7.560691j,5.787394-4.407358j,4.592906
1.786686+3.221203j,5.794719-7.571022j,5.798180-4.417780j,4.606583
1.802634+3.222688j,5.805649-7.581362j,5.808953-4.428210j,4.620259
1.818626+3.224119j,5.816565-7.591710j,5.819715-4.438650j,4.633936
1.834663+3.225495j,5.827467-7.602067j,5.830464-4.449098j,4.647613
1.850745+3.226816j,5.838354-7.612433j,5.841202-4.459556j,4.661289
1.866872+3.228082j,5.849227-7.622807j,5.851928-4.470023j,4.674966
1.883044+3.229293j,5.860086-7.633190j,5.862642-4.480498j,4.688643
1.899260+3.230447j,5.870931-7.643581j,5.873345-4.490983j,4.702319
1.915520+3.231546j,5.881761-7.653982j,5.884036-4.501477j,4.715996
1.931825+3.232588j,5.892578-7.664390j,5.894715-4.511979j,4.729673
1.948174+3.233573j,5.903381-7.674808j,5.905383-4.522491j,4.743349
1.964567+3.234502j,5.914170-7.685234j,5.916039-4.533011j,4.757026
1.981004+3.235373j,5.924945-7.695669j,5.926684-4.543540j,4.770703
1.997485+3.236187j,5.935706-7.706112j,5.937317-4.554078j,4.784379
2.014010+3.236943j,5.946454-7.716564j,5.947939-4.564625j,4.798056
2.030579+3.237640j,5.957188-7.727025j,5.958550-4.575181j,4.811733
2.047191+3.238279j,5.967909-7.737494j,5.969149-4.585745j,4.825409
2.063847+3.238860j,5.978616-7.747972j,5.979738-4.596319j,4.839086
2.080547+3.239381j,5.989309-7.758459j,5.990314-4.606900j,4.852763
2.097290+3.239843j,5.999990-7.768955j,6.000880-4.617491j,4.866439
2.114075+3.240245j,6.010657-7.779458j,6.011435-4.628091j,4.880116
2.130904+3.240588j,6.021311-7.789971j,6.021979-4.638699j,4.893793
2.147777+3.240870j,6.031952-7.800492j,6.032511-4.649315j,4.907469
2.164691+3.241092j,6.042580-7.811022j,6.043033-4.659941j,4.921146
2.181649+3.241253j,6.053194-7.821561j,6.053543-4.670575j,4.934823
2.198650+3.241352j,6.063796-7.832108j,6.064043-4.681218j,4.948499
2.215692+3.241391j,6.074385-7.842664j,6.074532-4.691869j,4.962176
2.232778+3.241367j,6.084961-7.853228j,6.085010-4.702529j,4.975853
2.249905+3.241282j,6.095525-7.863802j,6.095477-4.713197j,4.989529
2.261743+3.241186j,6.102803-7.871099j,6.102690-4.720560j,4.998966
