0.9633483306990251+0.012412574465484784j,-0.5082261522347232+0.009366117566584009j,0.47096893623476493+3.145110647856734j,0
0.9633483306990251+0.012412574465484784j,-0.5082261522347232+0.009366117566584009j,0.47096893623476493+3.145110647856734j,0
0.9633484206279769+0.012412295319195115j,-0.5082260874362744+0.00936590597740146j,0.4709689610382851+3.1451105685247134j,9.999999726667848e-07
0.9633488253072338+0.012411039160352246j,-0.5082257958432593+0.00936495382621008j,0.47096907265400634+3.1451102115305907j,5.499999417805331e-06
0.9633506463431216+0.012405386434637521j,-0.5082244836747767+0.009360669148483372j,0.4709695749223335+3.1451086050564108j,2.5749988181812156e-05
0.9633588405840604+0.01237994894775948j,-0.5082185789183277+0.00934138815206151j,0.47097183508083285+3.1451013759098894j,0.0001168747606532005
0.9633957061517183+0.012265475778741819j,-0.5081920075491922+0.009254624748434205j,0.47098200480239455+3.145068844493106j,0.000526932653126503
0.9635614287190066+0.011750255879192062j,-0.5080724370945432+0.008864211304635768j,0.47102774846952217+3.144922447904926j,0.0023721205939732704
0.9643036849775889+0.009429934710197409j,-0.5075343843567588+0.007107793456275989j,0.4712331885107177+3.1442635577393943j,0.010673996095535912
0.9675242332627653-0.0008892371840070689j,-0.5051500706718358-0.000667778917142115j,0.4721356859385783+3.141341347585803j,0.04743827387168573
0.9706314985214975-0.011265773641314173j,-0.5027662176963803-0.008429228980187659j,0.47302518033608837+3.138415760356855j,0.08420266952377434
0.9736246901096687-0.0216983746059784j,-0.5003828260480919-0.016176645346229396j,0.4739017232683868+3.135486807994206j,0.12096718323466413
0.9765030326408135-0.03218573027006927j,-0.497999896253557-0.023910115424212893j,0.47476536559115334+3.132554502050921j,0.1577318151817761
0.9792657661003525-0.04272652125075321j,-0.49561742875050185-0.03162972543718879j,0.4756161574620012+3.1296188536969605j,0.19449656553722355
0.981912145957792-0.053319418768948065j,-0.49323542389000447-0.03933556044044062j,0.47645414835164657+3.126679873724522j,0.23126143446794195
0.9844414432768733-0.06396308482932543j,-0.49085388193866636-0.0470277043392224j,0.4772793870548583+3.123737572553243j,0.2680264221358155
0.986852944823655-0.07465617240163595j,-0.4884728030807463-0.054706239906115756j,0.47809192170119486+3.1207919602352683j,0.30479152869779963
0.9891459531725113-0.08539732560333242j,-0.4860921874202564-0.06237124879801633j,0.478891799765534+3.1178430464601874j,0.3415567543060415
0.9913197868100289-0.09618517988346538j,-0.48371203498302257-0.07002281157275854j,0.47967906807839944+3.114890840559837j,0.37832209910799547
0.9933737802367889-0.1070183622078259j,-0.48133234571871-0.07766100770538784j,0.4804537728360918+3.1119353515129866j,0.4150875632465372
0.9953072840670165-0.11789549124530974j,-0.4789531195028148-0.08528591560408928j,0.48121595961062635+3.1089765879498983j,0.45185314686007305
0.9971196651260836-0.12881517755547736j,-0.4765743561386235-0.09289761262578071j,0.4819656733594845+3.1060145581567653j,0.48861885008264816
0.9988103065458501-0.1397760237772836j,-0.47419605535914056-0.10049617509137901j,0.48270295843518274+3.1030492700800405j,0.5253846730440502
1.0003786078578276-0.1507766248189512j,-0.47181821682898645-0.10808167830074723j,0.48342785859466436+3.1000807313306495j,0.5621506158699113
1.0018239850841535-0.16181556804896197j,-0.469440840146265-0.11565419654733065j,0.48414041700851773+3.0971089491880934j,0.5989166786818069
1.0031458708263605-0.17289143348813868j,-0.4670639248444039-0.12321380313248903j,0.4848406762700261+3.094133930604447j,0.6356828615973519
1.004343714351927-0.18400279400279215j,-0.4646874703939669-0.13076057037953262j,0.4855286784040529+3.0911556822082518j,0.6724491647302944
1.0054169816785963-0.19514821549890593j,-0.4623114762044398-0.13829456964746903j,0.4862044648757672+3.0881742103083085j,0.7092155881906068
1.0063651556564532-0.20632625711733243j,-0.45993594162599144-0.14581587134446775j,0.4868680765992123+3.085189520897367j,0.7459821320845752
1.0071877360477415-0.21753547142997323j,-0.4575608659512095-0.15332454494104938j,0.4875195539457228+3.0822016196557276j,0.7827487965148849
1.007884239604414-0.2287744046369166j,-0.45518624841681304-0.1608206589830057j,0.48815893675219285+3.07921051195474j,0.8195155815807055
1.0084542001434011-0.24004159676450523j,-0.4528120882053424-0.16830428110405737j,0.4887862643291999+3.076216202860218j,0.8562824873777719
1.0088971686195862-0.2513355818643068j,-0.4504383844468267-0.1757754780382552j,0.4894015754689871+3.073218697135761j,0.8930495139984653
1.0092127131964792-0.26265488821295974j,-0.44806513622043026-0.18323431563213105j,0.4900049084533087+3.0702179992459877j,0.9298166615318899
1.009400419314574-0.27399803851286675j,-0.44569234255607937-0.19068085885660463j,0.490596301061141+3.0672141133596895j,0.9665839300639487
1.0094596506198925-0.28575336796681317j,-0.44323872217379584-0.19836969276294905j,0.49119543632319823+3.064103949655904j,1.0046099443737975
1.0093812879268966-0.2975309711653741j,-0.44078558577175336-0.20604551386781295j,0.4917818794951937+3.060990383845704j,1.04263609274067
1.0091649313517557-0.3093291962546169j,-0.438332932121394-0.21370839117506696j,0.49235567072815406+3.057873419563197j,1.0806623752520959
1.0088102010707778-0.32114638594587336j,-0.43588075994516734-0.22135839273932476j,0.4929168496321878+3.054753060117703j,1.1186887919921609
1.0083167373871957-0.33298087775784846j,-0.4334290679183468-0.22899558567866368j,0.4934654552848635+3.0516293084970063j,1.1567153430415844
1.007684200795048-0.3448310042595604j,-0.4309778546708265-0.23662003618708616j,0.49400152623944793+3.0485021673705237j,1.194742028477801
1.0069122720401436-0.35669509331407295j,-0.4285271187888994-0.24423180954672777j,0.4945251005330064+3.0453716390923833j,1.2327688483750354
1.0060006521781026-0.36857146832298593j,-0.42607685881701785-0.25183097013981803j,0.4950362156943702+3.0422377257044215j,1.2707958028043778
1.0049490626294595-0.38045844847164784j,-0.4236270732595376-0.2594175814603998j,0.4955349087519739+3.0391004289390953j,1.308822891833857
1.0037572452318237-0.39235434897505356j,-0.4211777605824451-0.26699170612581263j,0.49602121624156587+3.035959750222315j,1.346850115528509
1.002424962289084-0.40425748132439215j,-0.41872891921506994-0.2745534058879462j,0.4964951742137956+3.0328156906761956j,1.3848774739504492
1.0009519966176534-0.41616615353420766j,-0.4162805475517828-0.28210274164426835j,0.49695681824168053+3.0296682511217385j,1.4229049671589362
0.999338151589745-0.4280786703901369j,-0.41383264395367925-0.2896397734486334j,0.49740618342795606+3.0265174320814303j,1.4609325952104384
0.9975832511736669-0.43999333369718785j,-0.411385206750251-0.29716456052187606j,0.49784330441231156+3.023363233781775j,1.4989603581586974
0.9956871399711362-0.45190844252852164j,-0.4089382342410439-0.3046771612621955j,0.49826821537851457+3.0202056561557535j,1.5369882560547894
0.9936496832516019-0.4638222934747028j,-0.4064917246973058-0.3121776332553342j,0.49868095006142776+3.0170446988452135j,1.5750162889471853
0.9914707669835694-0.47573318089337946j,-0.4040456763636218-0.3196660332845568j,0.49908154175391983+3.013880361203191j,1.6130444568818096
0.9891502978629246-0.48763939715935817j,-0.40160008745954007-0.3271424173404335j,0.4994700233136736+3.010712642296167j,1.651072759902097
0.9866882033382495-0.4995392329150357j,-0.39915495618118824-0.33460684063043167j,0.49984642716989486+3.007541540906264j,1.6891011980490471
0.984084431633125-0.5114309773211518j,-0.39671028070288006-0.34205935758832146j,0.500210785329923+3.004367055533371j,1.7271297713612805
0.9813389517654189-0.5233129183078253j,-0.3942660591787144-0.3495000218833981j,0.5005631293857472+3.0011891843972167j,1.7651584798750892
0.978451753563553-0.5351833428258369j,-0.39182228974416594-0.356928886429526j,0.5009034905204304+2.998007925439377j,1.8031873236244875
0.9753157464702259-0.5474496415655984j,-0.3892946246150797-0.3646018651023538j,0.5012430245359383+2.9947132679274615j,1.8425280276066176
0.9720281134587242-0.5596998827487965j,-0.38676743921617573-0.3722623279604713j,0.5015698005168293+2.9914149792372706j,1.88186888139463
0.9685889136606297-0.5719321681203444j,-0.38424073143096776-0.37991033109704603j,0.5018838516499601+2.9881130561630056j,1.9212098850197885
0.9649982300842699-0.5841445994766077j,-0.38171449912897476-0.3875459297801003j,0.5021852106827014+2.984807495188966j,1.96055103851089
0.9612561696157416-0.5963352789639732j,-0.3791887401675699-0.3951691784622239j,0.5024739099300367+2.9814982924916014j,1.9998923418943202
0.957362863016217-0.6085023093774444j,-0.3766634523938247-0.40278013079009684j,0.5027499812815655+2.9781854439414985j,2.0392337951941055
0.9533184649155296-0.6206437944592157j,-0.3741386336463482-0.4103788396138256j,0.503013456208411+2.974868945105306j,2.0785753984319664
0.9491231538020428-0.6327578391971778j,-0.37161428175712313-0.4179653569960979j,0.5032643657700399+2.971548791247602j,2.1179171516273647
0.9447771320087988-0.6448425501233098j,-0.3690903945533378-0.42553973422116026j,0.5035027406209917+2.9682249773327043j,2.1572590547975556
0.9402806256959508-0.6568960356119083j,-0.3665669698592163-0.4331020218036217j,0.5037286110175228+2.964897498026423j,2.196601107957633
0.9356338848294805-0.668916406177608j,-0.36404400549784605-0.44065226949708824j,0.5039420068241683+2.961566347697759j,2.2359433111205753
0.9308371831562015-0.6809017747731473j,-0.36152149929300487-0.44819052630263223j,0.5041429575202219+2.9582315204205507j,2.2752856642972934
0.9258908181750534-0.6928502570868309j,-0.3589994490709864-0.45571684047709954j,0.5043314922061367+2.954893009975066j,2.3146281674966698
0.9207951111046896-0.7047599718396442j,-0.3564778526624262-0.46323125954125904j,0.5045076396098516+2.951550809849547j,2.353970820725604
0.9155504068473621-0.7166290410819716j,-0.35395670790412775-0.4707338302877983j,0.5046714280930412+2.9482049132417036j,2.393313623989054
0.9101570739491096-0.7284555904898711j,-0.3514360126408901-0.4782245987891677j,0.5048228856572959+2.9448553130601614j,2.4326565772900723
0.904615504556253-0.7402377496608635j,-0.3489157647273362-0.4857036104052779j,0.5049620399502307+2.941502001925861j,2.4719996806298514
0.8989261143682046-0.7519736524091822j,-0.34639596202974454-0.4931709097910535j,0.5050889182715267+2.938144972173416j,2.5113429340077564
0.8930893425865984-0.7636614370604436j,-0.3438766024278826-0.5006265409038463j,0.5052035475789076+2.934784215852422j,2.5506863374213626
0.8871056518607473-0.7752992467456892j,-0.341357683816844-0.5080705470107109j,0.5053059544940514+2.931419724728729j,2.5900298908664934
0.8807601824188495-0.7872863250870534j,-0.33875181751902944-0.5157606778121687j,0.5053990771021505+2.9279345409640465j,2.6307376878591717
0.8742585057734412-0.7992158721787421j,-0.3361464188226766-0.52343845480133j,0.5054791712399241+2.924445339823289j,2.6714456510396847
0.8676012132866335-0.8110858493148398j,-0.3335414854605229-0.531103923622155j,0.5055462653014555+2.9209521112339187j,2.7121537803972773
0.8607889228985595-0.8228942246603755j,-0.33093701519149205-0.5387571291597756j,0.5056003873225207+2.917454844803617j,2.752862075919279
0.8538222790406896-0.8346389735954124j,-0.32833300580290137-0.5463981155483545j,0.5056415649872507+2.913953529821557j,2.7935705375911364
0.8467019525447093-0.8463180790580245j,-0.3257294551126774-0.554026926178797j,0.5056698256347287+2.910448155259631j,2.8342791653964556
0.8394286405469729-0.8579295318861005j,-0.32312636097158-0.5616436037063235j,0.505685196265526+2.9069387097736397j,2.874987959317035
0.8320030663885509-0.8694713311579181j,-0.32052372126543416-0.5692481900579001j,0.5056877035481762+2.903425181704437j,2.915696919332899
0.8244259795108835-0.8809414845314312j,-0.3179215339173731-0.5768407264395377j,0.5056773738255931+2.8999075590790406j,2.956406045422335
0.8166981553470586-0.892338008582213j,-0.31531979689009015-0.584421253343456j,0.5056542331214312+2.8963858296117007j,2.9971153375619215
0.8088203952087325-0.9036589291399991j,-0.3127185081881014-0.5919898105551221j,0.5056183071463928+2.892859980704936j,3.0378247957265634
0.8007935261687087-0.9149022816237719j,-0.31011766586002004-0.5995464371601615j,0.5055696213044826+2.889329999450533j,3.078534419889521
0.792618400939197-0.9260661113753319j,-0.3075172680008421-0.6070911715511484j,0.5055082006992121+2.8857958726305113j,3.119244210022439
0.7842958977457691-0.9371484739913j,-0.3049173127542444-0.614624051434277j,0.5054340701397566+2.8822575867180613j,3.159954166095379
0.7758269201970339-0.9481474356534918j,-0.3023177983148947-0.6221451138359164j,0.5053472541470633+2.878715127878442j,3.2006642880768426
0.7672123971500515-0.9590610734576135j,-0.29971872293077645-0.6296543951090536j,0.505247776959917+2.8751684819698613j,3.241374575933801
0.7584532825715085-0.9698874757402189j,-0.2971200849055258-0.6371519309396262j,0.5051356625409613+2.8716176345443163j,3.2820850296317228
0.7495505553946769-0.9806247424038764j,-0.2945218826007836-0.644637756352748j,0.5050109345826791+2.8680625708484144j,3.3227956491345965
0.7405052193721804-0.9912709852404888j,-0.29192411443856175-0.652111905718831j,0.5048736165133327+2.8645032758241666j,3.363506434404957
0.7310018949985796-1.0021832744383168j,-0.28923803501977075-0.6598292029110732j,0.5047183881311741+2.860817891906582j,3.4056073520874284
0.7213483144353668-1.012994145754353j,-0.2865524166971446-0.6675340851139906j,0.5045497446463092+2.8571279487859553j,3.447708453032042
0.7115456705921701-1.0237015530455575j,-0.2838672579454656-0.6752265881743268j,0.5043677111201778+2.853433428784532j,3.489809737190969
0.7015951840340859-1.034303465249976j,-0.28118255731976727-0.6829067472172724j,0.5041723123392039+2.849734313879561j,3.531911204514772
0.6914981027827417-1.044797866757111j,-0.2784983134582306-0.6905745966531318j,0.5039635728216143+2.8460305857041024j,3.57401285495243
0.6812557021124209-1.0551827577756363j,-0.2758145250851004-0.698230170183882j,0.503741516824217+2.8423222255478113j,3.616114688451365
0.6708692843412856-1.065456154698387j,-0.2731311910136238-0.7058735008096279j,0.5035061683491454+2.838609214357699j,3.658216704957463
0.6603401786177331-1.07561609046456j,-0.2704483101490108-0.7135046208349565j,0.5032575511505698+2.834891532738881j,3.700318904415101
0.6496697407019251-1.085660614919059j,-0.26776588149141684-0.7211235618751953j,0.5029956887413745+2.8311691609553007j,3.7424212867671667
0.6388593527425263-1.0955877951689217j,-0.2650839041389495-0.7287303548625743j,0.5027206043998067+2.8274420789304413j,3.7845238519550835
0.6279104230486919-1.1053957159367591j,-0.2624023772906973-0.7363250300522973j,0.5024323211760959+2.823710266248022j,3.8266265999188285
0.6168243858573459-1.115082479911153j,-0.25972130024978357-0.7439076170285256j,0.5021308618990457+2.8199737021526796j,3.8687295305969545
0.6056027010957864-1.1246462080939394j,-0.2570406724264432-0.7514781447102759j,0.5018162491826004+2.8162323655506416j,3.910832643926611
0.5942468541396663-1.1340850401443212j,-0.25436049334112537-0.7590366413572355j,0.501488505432388+2.812486235010387j,3.9529359398435613
0.5827583555663857-1.143397134719745j,-0.25168076262762046-0.7665831345754986j,0.501147652852239+2.8087352887632986j,3.995039418282203
0.5711387409039432-1.1525806698134817j,-0.24900148003621247-0.774117651323226j,0.5007937134506855+2.80497950470431j,4.037143079175583
0.5593895703752891-1.1616338430888544j,-0.24632264543685697-0.7816402179162304j,0.500426709047439+2.8012188603925443j,4.07924692245542
0.5475124286382255-1.1705548722100432j,-0.24364425882238527-0.7891508600334922j,0.5000466612798509+2.7974533330519535j,4.1213509480521155
0.5355089245208984-1.1793419951694204j,-0.2409663203117346-0.7966496027226055j,0.4996535916093545+2.7936828995719507j,4.163455155894776
0.5229631235756576-1.1882873504373703j,-0.238197137168792-0.8043926769013597j,0.49923338389375+2.7897781471143444j,4.207000478110659
0.510285736009728-1.1970857047994337j,-0.23542843403980243-0.8121230750495618j,0.49879929317702043+2.7858680953116175j,4.250546001785237
0.49747862141043614-1.2057351797598872j,-0.23266021150447738-0.819840822782665j,0.49835134265215414+2.781952717471419j,4.294091726832909
0.48454366573846025-1.2142339215637588j,-0.2298924703021717-0.8275459450183101j,0.49788955534067036+2.77803198652158j,4.337637653166614
0.4714827809891683-1.222580101562201j,-0.2271252113358687-0.835238465982412j,0.49741395410016104+2.7741058750108754j,4.381183780697842
0.4582979048489243-1.2307719165731874j,-0.22435843567619898-0.8429184092151815j,0.49692456163181964+2.770174355109799j,4.424730109336657
0.4449910003464296-1.238807589237453j,-0.2215921445654933-0.8505857975770882j,0.4964214004879589+2.7662373986113447j,4.468276638991708
0.4315640554991634-1.2466853683696193j,-0.2188263394218695-0.8582406532547661j,0.4959044930795186+2.762294976931801j,4.511823369570246
0.4180190829549905-1.254403529304428j,-0.2160610218433535-0.8658829977668655j,0.49537386168356384+2.7583470611115604j,4.555370300978139
0.4043581196290039-1.2619603742380252j,-0.21329619361203508-0.8735128519698557j,0.4948295284507758+2.754393621815945j,4.598917433119888
0.3905832263356703-1.2693542325642222j,-0.21053185669825755-0.8811302360637796j,0.4942715154129362+2.75043462933605j,4.642464765898637
0.3766964874163488-1.276583461205674j,-0.20776801326484218-0.888735169597965j,0.4936998444904051+2.7464700535896083j,4.686012299216193
0.3627000103622536-1.2836464449399085j,-0.20500466567134684-0.8963276714766946j,0.4931145374995947+2.742499864121874j,4.7295600329730325
0.3485959254329308-1.2905415967201481j,-0.2022418164783592-0.9039077599648394j,0.4925156161604394+2.7385240301065363j,4.773107967068319
0.3343863852703234-1.2972673579908545j,-0.19947946845182413-0.9114754526934565j,0.4919031021038614+2.7345425203466527j,4.816656101399915
0.3200735645084959-1.3038221989979437j,-0.1967176245674054-0.9190307666653562j,0.49127701687923647+2.7305553032756174j,4.860204435864393
0.3056596593790933-1.3102046190936065j,-0.19395628801488135-0.9265737182606402j,0.4906373819618561+2.7265623469581524j,4.903752970357047
0.2911468873126098-1.316413147035678j,-0.19119546220257447-0.9341043232422149j,0.48998421876039+2.722563619091339j,4.947301704771907
0.2765374865355411-1.3224463412814975j,-0.18843515076181477-0.9416225967612821j,0.48931754862434845+2.7185590870056773j,4.9908506390017475
0.2748851376541326-1.3231151898639624j,-0.18812411296734957-0.9424690876945824j,0.48924157307657723+2.718107435377381j,4.995761270956469
0.2748851376541326-1.3231151898639624j,-0.1881241129673044-0.9424690876946129j,0.48924157307657945+2.7181074353773713j,4.995761270956469
0.27488480107355384-1.3231153258292174j,-0.18812404963305276-0.9424692600449968j,0.48924155758865634+2.718107343402472j,4.995762270956454
0.2748832864603364-1.323115937671711j,-0.1881237646289238-0.9424700356216444j,0.48924148789291455+2.7181069295153875j,4.995766770956146
0.2748764706884388-1.3231186909395871j,-0.18812248211041188-0.9424735257149337j,0.48924117426029734+2.7181050670227362j,4.995787020949899
0.2748457994634173-1.3231310801723153j,-0.18811671077849418-0.9424892311018278j,0.48923976287749116+2.7180966857901963j,4.995878145823395
0.2747077738587932-1.3231868221467993j,-0.18809073981293062-0.9425599046764706j,0.4892334109252856+2.7180589699277005j,4.996288205761641
0.2740865555690958-1.3234374671555447j,-0.187973871036311-0.9428779222684333j,0.48920481236682356+2.7178892421454646j,4.998133435131098
0.2712889901930949-1.324561441204825j,-0.18744797305915342-0.9443087282055175j,0.4890758197277318+2.7171253374454083j,5.006436149716772
0.2586581357943274-1.3295395467563158j,-0.18508166606066473-0.9507418243611443j,0.48848929902102123+2.713685134822946j,5.043781769787216
0.24330563001368669-1.335379839887145j,-0.1822227989232306-0.9585033360474805j,0.48776736028194023+2.709522319713783j,5.088903983106803
0.2278573465107115-1.3410270892928762j,-0.17936449839931898-0.9662516572330809j,0.487030994833785+2.705353156520503j,5.134026418303289
0.2123158686792737-1.3464798359986487j,-0.17650676964424722-0.9739868019351957j,0.48628022623802747+2.7011776071752442j,5.179149075247002
0.19668380135219998-1.3517366569436642j,-0.17364961809820115-0.9817087834992035j,0.4855150780334508+2.6969956331948537j,5.22427195380684
0.18096377029132227-1.356796165289138j,-0.1707930494918096-0.9894176146050817j,0.4847355737450734+2.6928071956824686j,5.2693950538502845
0.16515842167314992-1.3616570107189538j,-0.1679370698517573-0.9971133072738771j,0.48394173689307607+2.6886122553291627j,5.314518375243416
0.14927042157026796-1.3663178797329556j,-0.1650816855064351-1.0047958728741788j,0.48313359100173314+2.684410772415655j,5.359641917850922
0.13330245542856733-1.3707774959328205j,-0.16222690309162668-1.0124653221285973j,0.48231115960834736+2.680202706814086j,5.404765681536111
0.11725722754041386-1.3750346203004495j,-0.1593727295562312-1.0201216651202545j,0.4814744662721881+2.6759880179898596j,5.449889666160926
0.10113746051386273-1.3790880514688224j,-0.1565191721680204-1.027764911299287j,0.4806235345834338+2.671766665003564j,5.4950138715859564
0.08494589473802744-1.382936625985255j,-0.15366623851942998-1.0353950694893663j,0.4797583881721177+2.6675386065129616j,5.540138297670447
0.0686852878447118-1.3865792185670125j,-0.15081393653338337-1.0430121478942398j,0.4788790507170768+2.66330380077506j,5.585262944272316
0.05235841416641474-1.3900147423492182j,-0.14796227446914706-1.0506161541042973j,0.47798554595490433+2.65906220564826j,5.630387811248161
0.03596806419081879-1.3932421491250115j,-0.14511126092821658-1.058207095103164j,0.4770778976889039+2.6548137785945873j,5.675512898453277
0.01951704401187304-1.396260429577902j,-0.1422609048602315-1.065784977274326j,0.4761561297980467+2.6505584766820154j,5.7206382057416665
0.0030081747775829275-1.3990686135062744j,-0.13941121556891808-1.07334980640779j,0.47522026624592983+2.6462962565868673j,5.765763732966048
-0.01355570786538069-1.4016657700399968j,-0.1365622027180583-1.0809015877067805j,0.474270331089735+2.6420270745963172j,5.810889479977874
-0.03017175433013984-1.4040510078490858j,-0.1337138763374839-1.0884403257944815j,0.4733063484891879+2.6377508866109807j,5.856015446627343
-0.04683710165102123-1.4062234753443885j,-0.13086624682909362-1.0959660247208198j,0.4723283427155167+2.633467648147602j,5.9011416327634105
-0.06354887404780686-1.408182360870237j,-0.12801932497289167-1.1034786879692995j,0.47133633816040826+2.6291773143418427j,5.946268038233802
-0.08089169311763726-1.4099840910888168j,-0.12507346356889124-1.1112407127820225j,0.47029487790089997+2.624729216203921j,5.992973988667263
-0.09827793646162801-1.4115553822418316j,-0.12212838502886547-1.1189887786822947j,0.46923847485685866+2.620273418020673j,6.039680181947669
-0.11570437600837057-1.4128954707697776j,-0.11918410262688242-1.1267228876629967j,0.4681671565424573+2.615809868777983j,6.086386617896009
-0.1331677716467678-1.414003639744907j,-0.11624063009934574-1.1344430410995472j,0.4670809506518937+2.6113385170386634j,6.133093296331879
-0.1506648719112709-1.4148792190508652j,-0.11329798165226393-1.1421492397583715j,0.465979885069996+2.606859310946412j,6.179800217073497
-0.16819241466973195-1.4155215855521939j,-0.11035617196853155-1.149841483805454j,0.46486398788281613+2.602372198229915j,6.2265073799377255
-0.1857471278137222-1.4159301632536587j,-0.10741521621521931-1.1575197728149786j,0.4637332873882089+2.597877126207091j,6.2732147847400865
-0.20332572995116488-1.4161044234493736j,-0.10447513005087042-1.16518410577806j,0.46258781210639477+2.5933740417894877j,6.319922431294783
-0.2209249311011309-1.4160438848616763j,-0.10153592963279964-1.1728344811115698j,0.4614275907905037+2.5888628914868277j,6.366630319414716
-0.23854143339064598-1.4157481137697374j,-0.09859763162439239-1.1804708966670616j,0.46025265243709734+2.584343621411709j,6.413338448911505
-0.25617193175335645-1.415216724127866j,-0.0956602532023999-1.1880933497398j,0.45906302629666723+2.5798161772844628j,6.460046819595511
-0.2738131146299011-1.4144493776734857j,-0.0927238120642276-1.1957018370778927j,0.4578587418841059+2.5752805044381764j,6.506755431275853
-0.29146166466983614-1.4134457840247623j,-0.0897883264352127-1.2032963548915347j,0.45663982898914823+2.5707365478238717j,6.553464283760436
-0.309114259434959-1.4122057007678543j,-0.08685381507588757-1.210876898862364j,0.4554063176867795+2.5661842520158573j,6.600173376855967
-0.32676757210387847-1.4107289335337738j,-0.08392029728922482-1.2184434641529334j,0.45415823834760727+2.561623561217249j,6.646882710367979
-0.3444182721776755-1.4090153360648319j,-0.08098779292786046-1.2259960454163032j,0.4528956216481936+2.557054419265661j,6.693592284100862
-0.3620630261865018-1.4070648102706629j,-0.07805632240129082-1.2335346368057538j,0.45161849858134395+2.5524767696390716j,6.7403020978578745
-0.3796984983969611-1.4048773062738091j,-0.07512590668303919-1.241059231984627j,0.4503269004663492+2.547890555461872j,6.78701215144118
-0.39732135152011766-1.4024528224448545j,-0.07219656731778777-1.2485698241362928j,0.44902085895917726+2.543295719511087j,6.833722444651868
-0.4149282474199788-1.3997914054271048j,-0.06926832642847068-1.256066405974249j,0.44770040606260925+2.538692204222786j,6.8804329772899795
-0.4331323479249171-1.3967871951313562j,-0.06623855757396495-1.2638111688285614j,0.4463184938034393+2.5339180159440966j,6.928781281225743
-0.45131207424901015-1.393529400896624j,-0.06321001578968297-1.2715409039000098j,0.44492121242705396+2.529134402178412j,6.97712985022276
-0.4694637265348087-1.3900182379107615j,-0.060182727614779837-1.2792556015884782j,0.4435085986662277+2.524341297981602j,7.025478684047994
-0.48758360726444283-1.3862539767630253j,-0.05715672028472466-1.2869552518033076j,0.4420806896984359+2.5195386380503306j,7.073827782467302
-0.5056680221013877-1.3822369434101378j,-0.0541320217394052-1.2946398439761366j,0.44063752315748816+2.514726356730821j,7.122177145245478
-0.5237132807316481-1.3779675191294927j,-0.05110866063114789-1.3023093670739199j,0.4391791371450625+2.509904388027851j,7.170526772146283
-0.5417156977041638-1.373446140459509j,-0.048086666332646924-1.3099638096121304j,0.43770557024213086+2.5050726656140028j,7.218876662932494
-0.559671593270239-1.3686732991271524j,-0.04506606894479526-1.3176031596681432j,0.4362168615202723+2.500231122839152j,7.267226817365939
-0.5775772942217989-1.3636495419626367j,-0.042046899304410724-1.3252274048948067j,0.4347130505528655+2.495379692740203j,7.315577235207545
-0.5954291347282785-1.3583754708013283j,-0.03902918899185013-1.3328365325342022j,0.43319417742615474+2.4905183080510764j,7.363927916217378
-0.6132234571719445-1.352851742372874j,-0.03601297033850394-1.340430529431593j,0.4316602827501815+2.485646901212942j,7.412278860154686
-0.6309566129814584-1.3470790681775777j,-0.03299827643416432-1.3480093820495627j,0.4301114076695756+2.4807654043847074j,7.460630066777951
-0.6486249634634828-1.3410582143500576j,-0.029985141134258923-1.355573076482348j,0.4285475938741978+2.475873749453756j,7.508981535844934
-0.6662248806321365-1.3347900015102099j,-0.02697359906694275-1.3631215984703624j,0.4269688836096262+2.4709718680469392j,7.557333267112722
-0.6837527480361058-1.3282753046015228j,-0.023963685640040425-1.3706549334149158j,0.42537531968748044+2.4660596915418203j,7.605685260337781
-0.7012049615832157-1.321515052716767j,-0.020955437047830924-1.3781730663931264j,0.4237669454955735+2.4611371510781734j,7.654037515276005
-0.7185779303622702-1.314510228911113j,-0.01794889027766679-1.3856759821730271j,0.42214380500788556+2.4562041775697394j,7.702390031682771
-0.7358680774619674-1.3072618700027148j,-0.014944083116419817-1.3931636652288677j,0.4205059427943508+2.451260701716229j,7.750742809312993
-0.7530718407866986-1.2997710663608049j,-0.011941054156744926-1.400636099756608j,0.4188534040304484+2.4463066540155847j,7.7990958479211745
-0.7707632006287782-1.2917730958694351j,-0.008838312379918549-1.4083453573318119j,0.41712956115966765+2.4411737698998635j,7.8490847312551795
-0.7883545404151565-1.2835185402358382j,-0.005737557774139524-1.416038281674412j,0.4153901318511336+2.4360294346200098j,7.899073902415778
-0.8058419795278056-1.2750087832465904j,-0.002638835741082233-1.423714854491036j,0.41363516812809803+2.43087357078308j,7.949063361121475
-0.8232216580236307-1.266245268733825j,0.0004578073702939156-1.431375057244663j,0.4118647227476554+2.4257061008255656j,7.999053107090575
-0.8404897375757822-1.257229500250956j,0.003552324257590716-1.4390188711740661j,0.4100788492107475+2.4205269470293738j,8.049043140041261
-0.8576424024097552-1.2479630407335793j,0.0066446666591020555-1.4466462773134854j,0.40827760177186606+2.415336031538105j,8.099033459691674
-0.8746758602340425-1.2384475121456378j,0.00973478534824038-1.454257256512519j,0.4064610354484438+2.4101332763736276j,8.149024065759987
-0.8915863431651078-1.2286845951109335j,0.012822630128269544-1.4618517894562368j,0.404629206029922+2.404918603452942j,8.199014957964494
-0.9083701086464488-1.2186760285300877j,0.015908149827354952-1.4694298566855075j,0.4027821700864831+2.3996919346053374j,8.249006136023684
-0.9250234403615185-1.2084236091830354j,0.018991292293941905-1.476991438617537j,0.4009199849774388+2.39445319158982j,8.298997599656337
-0.9415426491402775-1.1979291913171615j,0.022072004392472998-1.4845365155666121j,0.3990427088592601+2.3892022961128325j,8.348989348581599
-0.9579240738591515-1.1871946862211775j,0.025150231999455368-1.4920650677650453j,0.39715040069324015+2.38393916984624j,8.398981382519073
-0.9741640823341655-1.1762220617848456j,0.028225919999888646-1.4995770753843134j,0.3952431202527776+2.378663734445581j,8.448973701188915
-0.9902590722070358-1.1650133420446624j,0.03129901228406425-1.5070725185563845j,0.39332092813026953+2.3733759115685817j,8.498966304311919
-1.006205471823994-1.153570606715615j,0.03436945174474673-1.5145513773952257j,0.3913838857436031+2.3680756228939224j,8.548959191609608
-1.0219997411071253-1.1418959907091255j,0.037437180274747545-1.522013632018487j,0.3894320553422345+2.362762790140252j,8.598952362804333
-1.0376383724180056-1.1299916836373072j,0.04050213876490183-1.5294592625693493j,0.38746550001284463+2.3574373350854394j,8.648945817619367
-1.0531178914134147-1.1178599293036546j,0.043564267102458344-1.5368882492385318j,0.38548428368456045+2.3520991795860557j,8.698939555779
-1.0684348578929184-1.1055030251802955j,0.04662350416989258-1.5443005722864496j,0.38348847113373147+2.3467482455970785j,8.748933577008644
-1.0841140963484173-1.0924781899667835j,0.04978690466844063-1.5519552434828323j,0.38140737070838604+2.3411961350298838j,8.800680372759793
-1.0996117986137075-1.0792173226365422j,0.05294707098432379-1.559592019212739j,0.37931077651338907+2.335630164337822j,8.852427481799564
-1.1149242710504625-1.0657231488545518j,0.05610393193816699-1.5672108779760578j,0.37719876327656066+2.3300502474453366j,8.904174903817397
-1.130047863068165-1.0519984532891862j,0.059257415197009514-1.5748117984577332j,0.3750714067149631+2.324456298484273j,8.955922638504546
-1.144978968078076-1.0380460789124266j,0.06240744727563034-1.582394759554813j,0.3729287835376962+2.3188482318184485j,9.007670685554217
-1.1597140244356539-1.0238689262845957j,0.06555395353846398-1.5899597404036037j,0.37077097144807003+2.313225962068415j,9.059419044661697
-1.174249516371169-1.0094699528238056j,0.06869685820211734-1.597506720406917j,0.3685980491451426+2.3075894041363982j,9.11116771552448
-1.188581974908267-0.9948521720603151j,0.07183608433849774-1.605035679261392j,0.3664100963246131+2.301938473231405j,9.162916697842409
-1.202707978770232-0.9800186528759978j,0.07497155387856212-1.6125465969848736j,0.3642071936790574+2.29627308489447j,9.2146659913178
-1.216624155273712-0.9649725187291234j,0.07810318761669616-1.6200394539438374j,0.3619894228974978+2.290593155024037j,9.266415595655582
-1.2303271812096628-0.9497169468646611j,0.0812309052157324-1.6275142308808364j,0.3597568666642947+2.284898599901449j,9.318165510563434
-1.2438137837112753-0.9342551675103183j,0.0843546252126152-1.634970908941955j,0.3575096086573537+2.2791893362165294j,9.369915735751919
-1.257080741108659-0.9185904630585278j,0.08747426502472047-1.6424094697042515j,0.35524773354563616+2.2734652810932396j,9.421666270934619
-1.2701248837700474-0.9027261672346051j,0.0905897409568366-1.6498298952031665j,0.3529713269859673+2.2677263521153885j,9.47341711582828
-1.2829430949293015-0.8866656642512997j,0.09370096820881335-1.6572321679598856j,0.35068047561913346+2.2619724673523773j,9.52516827015294
-1.2955323114994948-0.8704123879499642j,0.09680786088388402-1.6646162710086274j,0.34837526706526123+2.2562035453849587j,9.576919733632078
-1.3078895248723552-0.8539698209285752j,0.09991033199766597-1.671982187923843j,0.34605578991847225+2.2504195053309846j,9.628671505992742
-1.320011781703358-0.8373414936568376j,0.10300829348784381-1.6793299028473014j,0.3437221337408085+2.2446202668711295j,9.680423586965698
-1.3323072663525652-0.8199401214284627j,0.10620970037554338-1.6869152732708648j,0.3412920699631123+2.23860222662198j,9.733984539733486
-1.34434483072448-0.802347625490702j,0.1094060813869202-1.6944811143960403j,0.33884701696957764+2.232567733784127j,9.787545834025762
-1.3561213930451061-0.7845680753968081j,0.11259733532534409-1.7020274107468438j,0.33638707727132766+2.2265167013981095j,9.841107469547628
-1.3676339384367675-0.7666055913450739j,0.11578335981082016-1.7095541476228249j,0.3339123544528832+2.220449043269433j,9.894669446009265
-1.3788795197598833-0.7484643430545163j,0.11896405129565416-1.7170613111301543j,0.3314229531604697+2.2143646739985274j,9.948231763126099
-1.388173310733994-0.7329962122368229j,0.12164794041579606-1.7233906325790749j,0.32930769777409474+2.2092094474227917j,9.993501103091477
-1.388173310733994-0.7329962122368229j,0.12164794041582588-1.7233906325791342j,0.3293076977740676+2.2092094474227757j,9.993501103091477
-1.3881735138571385-0.732995869247246j,0.1216479996492821-1.723390772215019j,0.3293076509417151+2.209209333430739j,9.993502103091473
-1.3881744279101154-0.7329943257934128j,0.12164826619981126-1.7233914005764168j,0.32930744019606645+2.209208820466503j,9.993506603091399
-1.3881785411247423-0.7329873802362379j,0.12164946567670994-1.7233942282009964j,0.3293064918393828+2.209206512125969j,9.993526853089898
-1.3881970501092502-0.7329561249267138j,0.12165486331298186-1.7234069524769553j,0.32930222420870064+2.209196124563744j,9.993617978059511
-1.3882803307926332-0.7328154699140745j,0.12167915247830861-1.723464211017146j,0.3292830193521252+2.2091493799298507j,9.994028039944112
-1.3886548964635868-0.7321823984769477j,0.1217884497137425-1.7237218602400026j,0.32919658699892657+2.208939016847806j,9.995873308726555
-1.3903364418642894-0.7293310725673551j,0.12228020599780694-1.7248809940193952j,0.32880742891605574+2.207992135250331j,10.004176821361964
-1.3978221507387087-0.7164497684946074j,0.12449145408503456-1.7300912686046022j,0.3270519239882932+2.203726144254165j,10.041538596106227
-1.4084686526491865-0.6975740302034501j,0.12770200639409204-1.737650666116737j,0.32448671300939996+2.197508124173044j,10.095864225516314
-1.4188297848634326-0.6785309476525286j,0.13090666225595837-1.745189883263056j,0.3219068165126394+2.1912725916151037j,10.15019020927495
-1.4289028206372647-0.6593251007403212j,0.13410530808608273-1.7527089099910662j,0.31931234875653114+2.1850194618532344j,10.20451654710988
-1.4386851096418285-0.6399611146224897j,0.13729782917740255-1.7602077372844105j,0.31670342503270427+2.1787486511791085j,10.258843238755505
-1.4481740787230866-0.6204436584101924j,0.14048410972325395-1.7676863571934098j,0.31408016164670616+2.1724600769331834j,10.313170283953042
-1.457367232638871-0.6007774438556251j,0.14366403284116624-1.775144762865056j,0.31144267589783736+2.16615365753424j,10.367497682450702
-1.4662621547732746-0.5809672240251758j,0.14683748059752957-1.7825829485724256j,0.30879108605802114+2.159829312508438j,10.421825434003862
-1.4748565078281772-0.561017791960589j,0.15000433403312277-1.79000090974348j,0.30612551134971966+2.1534869625178508j,10.476153538375218
-1.4831480344917012-0.5409339793285329j,0.15316447318948742-1.7973986429892201j,0.3034460719229077+2.1471265293884367j,10.530481995334954
-1.491134558083404-0.5207206550589676j,0.15631777713613232-1.8047761461311667j,0.3007528888311182+2.1407479361374264j,10.584810804660897
-1.4988139831760143-0.5003827239727189j,0.15946412399855148-1.8121334182281283j,0.29804608400657423+2.1343511070000805j,10.639139966138671
-1.5061842961935372-0.4799251253986612j,0.16260339098703752-1.8194704596022333j,0.2953257802344237+2.1279359674557927j,10.69346947956185
-1.5132435659855452-0.459352831780919j,0.16573545442627016-1.8267872718641904j,0.29259210112609474+2.1215024442535j,10.747799344732103
-1.519989944377496-0.43867084727649686j,0.16886018978565942-1.8340838579377503j,0.2898451710917913+2.1150504654363744j,10.802129561459333
-1.526421666696911-0.4178842063437535j,0.17197747171042027-1.8413602220833385j,0.28708511531214886+2.1085799603657533j,10.856460129561823
-1.532537052275262-0.3969979723221363j,0.17508717405335555-1.8486163699208296j,0.28431205970907253+2.10209085974429j,10.91079104886636
-1.5383345049254231-0.37601723600359427j,0.1781891699073218-1.8558523084514391j,0.2815261309157813+2.095583095638286j,10.965122319208369
-1.5439985695832625-0.35420758833758464j,0.18139155929122425-1.8633204070831042j,0.2786292048282915+2.0888276745157928j,11.021356689569652
-1.5493188426856173-0.3323078855306324j,0.18458541386498856-1.8707668759128004j,0.2757187662959151+2.0820521161732186j,11.077591448818602
-1.5542938433188276-0.31032385525056394j,0.1877705905727109-1.8781917275184146j,0.27279495792214403+2.0752563500447976j,11.13382659679751
-1.5589221894599918-0.2882612499092879j,0.19094694564543443-1.8855949761542337j,0.26985792297807504+2.068440307223676j,11.190062133359486
-1.5632025983940538-0.26612584492341895j,0.19411433464332475-1.89297663777113j,0.2669078053625125+2.06160392048299j,11.246298058368588
-1.5671338870999487-0.24392343696787855j,0.1972726124984643-1.900336730035476j,0.2639447495613044+2.0547471242957327j,11.302534371699927
-1.5707149726056855-0.22165984222302304j,0.20042163355822412-1.907675272346767j,0.26096890060595046+2.0478698548533876j,11.358771073239792
-1.5739448723122607-0.19934089461585414j,0.2035612516291687-1.9149922858539175j,0.25798040403152506+2.040972050083296j,11.415008162885739
-1.5768227042863034-0.1769724440558666j,0.2066913200214495-1.9222877934702232j,0.2549794058339588+2.0340536496647372j,11.471245640546694
-1.579347687521362-0.15456035466609097j,0.20981169159364163-1.929561819886956j,0.25196605242672193+2.0271145950436877j,11.527483506143039
-1.581519142167753-0.13211050300988977j,0.21292221879797663-1.936814391585581j,0.248940490596956+2.0201548294462497j,11.583721759606679
-1.5833364897309061-0.10962877631406738j,0.21602275372592347-1.9440455368485752j,0.2459028674611+2.0131742978907123j,11.639960400881124
-1.584799253238143-0.08712107068885458j,0.2191131481540699-1.9512552857688321j,0.2428533304200585+2.006172947198243j,11.696199429921544
-1.5859070573738427-0.06459328934532983j,0.22219325359025427-1.9584436702576469j,0.23979202711396003+1.99915072600218j,11.752438846694822
-1.5866596285829557-0.042051340810840075j,0.2252629213198985-1.965610724051261j,0.2367191053765546+1.9921075847559135j,11.808678651179601
-1.5870567951428365-0.019501137142984244j,0.22832200245249154-1.972756482715966j,0.2336347131893007+1.9850434757393487j,11.864918843366315
-1.5870935088911489+0.0038405790833310723j,0.23147682521703467-1.9801299132309256j,0.23043046429400327+1.9777100359110225j,11.923127527013746
-1.586749472094678+0.027178246838007514j,0.2346199825449593-1.9874806157517841j,0.22721425098027284+1.9703540371967416j,11.98133664052538
-1.5860248391212357+0.050505311757438685j,0.2377513090862718-1.9948086359224682j,0.22398623749676555+1.9629754328984799j,12.03954618393176
-1.5849198811506178+0.07381522377178182j,0.24087063950674892-2.0021140214934863j,0.22074658804473046+1.9555741784272167j,12.097756157277498
-1.5834349860684052+0.09710143922442817j,0.24397780854311407-2.009396822319203j,0.21749546672253436+1.9481502313018701j,12.15596656062126
-1.5815706583208813+0.12035742298901092j,0.24707265105801485-2.0166570903533323j,0.21423303747018663+1.9407035511464372j,12.214177394035742
-1.5793275187311095+0.14357665058323535j,0.2501550020947366-2.0238948796426577j,0.2109594640139292+1.933234099685351j,12.272388657607637
-1.5767063042762521+0.16675261027881738j,0.25322469693158833-2.0311102463189883j,0.20767490981095652+1.9257418407370557j,12.330600351437589
-1.5737078678262004+0.18987880520681813j,0.25628157113589634-2.0383032485893735j,0.2043795379943298+1.9182267402058104j,12.388812475640137
-1.5703331778436171+0.21294875545766337j,0.25932546061754314-2.0454739467245817j,0.2010735113181497+1.9106887660717327j,12.447025030343644
-1.5665833180454984+0.23595600017513924j,0.2623562016819891-2.0526224030458726j,0.19775699210305014+1.9031278883790945j,12.505238015690225
-1.5624594870263726+0.2588940996436574j,0.2653736310827158-2.059748681910077j,0.1944301421820758+1.8955440792228906j,12.563451431835649
-1.5579629978432745+0.2817566373680852j,0.26837758607303086-2.066852849693021j,0.1910931228470049+1.8879373127336956j,12.62166527894925
-1.553095277562638+0.30453722214543893j,0.27136790445717623-2.073934974771305j,0.1877460947951765+1.8803075650608325j,12.679879557213805
-1.547857866769269+0.3272294901277421j,0.27434442464068076-2.08099512750248j,0.18438921807688252+1.8726548143538784j,12.73809426682543
-1.542252419037571+0.3498271068753518j,0.27730698567990353-2.088033380203655j,0.1810226520433809+1.864979040742533j,12.796309407993432
-1.5362807003652108+0.3723237694000617j,0.2802554273307111-2.0950498071285577j,0.1776465552955868+1.8572802263148802j,12.854524980940182
-1.529944588569416+0.3947132081972924j,0.28318959009623895-2.1020444844430966j,0.17426108563349615+1.8495583550940722j,12.912740985900962
-1.523246072646126+0.41698918926668427j,0.2861093152736836-2.1090174901994554j,0.17086640000639425+1.8418134130134731j,12.970957423123808
-1.5161872520922108+0.43914551612041214j,0.2890144450000784-2.11596890430877j,0.16746265446390043+1.8340453878902951j,13.029174292869344
-1.5087703361909983+0.46117603177854416j,0.29190482229700554-2.1228988085124167j,0.16405000410789838+1.8262542693977668j,13.087391595410603
-1.5009976432613594+0.483074620750774j,0.2947802911141997-2.1298072863519706j,0.16062860304539867+1.818440049035871j,13.145609331032848
-1.4928715998706084+0.504835211003858j,0.29764069637200014-2.1366944231378695j,0.15719860434237914+1.8106027201006964j,13.203827500033373
-1.4843947400114978+0.5264517759140953j,0.3004858840026121-2.1435603059168358j,0.15376015997864603+1.802742277652444j,13.262046102721317
-1.475569704243587+0.547918336204193j,0.30331570099013866-2.150405023438103j,0.1503134208037566+1.7948587184821325j,13.320265139417442
-1.4663992387992857+0.5692289618638655j,0.3061299954093465-2.1572286661185j,0.14685853649404168+1.7869520410770499j,13.37848461045393
-1.4568861946548841+0.5903777740535222j,0.30892861646313413-2.164031326006439j,0.1433956555107651+1.7790222455849987j,13.436704516174158
-1.4470335265668857+0.6113589469903996j,0.31171141451866996-2.1708130967448676j,0.13992492505945303+1.7710693337773813j,13.494924856932476
-1.4368442920739801+0.6321667098165089j,0.31447824114217254-2.1775740735332256j,0.13644649105042542+1.7630933090111758j,13.55314563309397
-1.4263216504650018+0.6527953484477675j,0.3172289491323067-2.1843143530884777j,0.13296049806055876+1.7550941761898526j,13.611366845034231
-1.4154688617132265+0.6732392074036935j,0.3199633925521717-2.191034033605257j,0.12946708929630674+1.7470719417232843j,13.669588493139102
-1.4042892853773783+0.6934926916170489j,0.3226814267598609-2.1977332147151936j,0.12596640655800265+1.7390266134866963j,13.72781057780444
-1.3927863794697244+0.7135502682228243j,0.3253829084375743-2.2044119974454666j,0.12245859020546651+1.7309582007787139j,13.786033099435864
-1.3809636992916468+0.7334064683259619j,0.328067695619267-2.211070484176649j,0.11894377912493526+1.7228667142785576j,13.844256058448488
-1.368824896237094+0.7530558887472268j,0.33073564771682085-2.217708778599889j,0.11542211069733367+1.7147521660024394j,13.902479455266679
-1.356373716564325+0.7724931937466379j,0.33338662554472775-2.2243269856734966j,0.11189372076790025+1.7066145692592123j,13.960703290323778
-1.343614000136368+0.791713116723882j,0.3360204913432757-2.2309252115789793j,0.10835874361718036+1.6984539386053255j,14.018927564061844
-1.3305496791306255+0.8107104618951397j,0.33863710880023135-2.237503563676588j,0.10481731193339643+1.6902702897991404j,14.077152276931386
-1.3171847767180742+0.8294801059457626j,0.34123634307101447-2.244062150460431j,0.10126955678620253+1.682063639754659j,14.135377429391086
-1.3035234057125094+0.8480169996582461j,0.3438180607973639-2.2506010815132j,0.0977156076018287+1.6738340064947141j,14.193603021907537
-1.2895697671903001+0.8663161695149538j,0.34638213012449315-2.257120467460578j,0.09415559213961747+1.665581409103679j,14.25182905495496
-1.2753281490811301+0.8843727192750577j,0.3489284207167412-2.263620419925366j,0.09058963646995381+1.657305867679742j,14.31005552901494
-1.2608029247302075+0.9021818315251642j,0.3514568037717202-2.270101051481395j,0.08701786495358645+1.6490074032868023j,14.368282444576144
-1.2459985514324363+0.919738769203109j,0.35396715203297-2.2765624756072653j,0.08344040022233729+1.6406860379060313j,14.426509802134044
-1.2309195689390553+0.937038877094412j,0.35645933980112576-2.283004806639969j,0.07985736316119316+1.6323417943871525j,14.484737602190654
-1.2155705979372542+0.9540775833008895j,0.358933242943611-2.2894281597284456j,0.07626887289177225+1.6239746963994897j,14.54296584525424
-1.199956338503289+0.9708504006809373j,0.3613887389028684-2.2958326507871143j,0.07267504675715575+1.6155847683828242j,14.601194531839061
-1.184081568529629+0.9873529282610002j,0.36382570670314224-2.3022183964494385j,0.06907600030807308+1.607172035498115j,14.659423662465082
-1.1679511421266717+1.0035808526177594j,0.3662440269558295-2.308585514021564j,0.06547184729042801+1.5987365235781223j,14.717653237657712
-1.1515699879995753+1.0195299492305765j,0.3686435818634168-2.3149341214360746j,0.061862699634150434+1.5902782590779803j,14.77588325794753
-1.1349431078007644+1.0351960838037428j,0.37102425522202215-2.321264337205914j,0.058248667443357424+1.5817972690257596j,14.834113723870018
-1.118075574458671+1.0505752135580957j,0.37338593242256335-2.32757628037851j,0.054629858987805834+1.5732935809730657j,14.892344635965298
-1.1027339867400174+1.0641323381363017j,0.37548958005430394-2.3332266247866036j,0.05137751669789978+1.565641081135341j,14.944612867703121
-1.0880684745904878+1.076723069651507j,0.3774628660942208-2.338551651565024j,0.04830134923413207+1.5583943165960739j,14.99399464484689
-1.0880684745904878+1.076723069651507j,0.3774628660942028-2.3385516515650924j,0.04830134923402803+1.558394316596106j,14.99399464484689
-1.0880681758431927+1.076723322548268j,0.377462905927735-2.3385517593060885j,0.04830128688552227+1.5583941696296089j,14.993995644846896
-1.0880668314795368+1.0767244605826043j,0.37746308517855925-2.3385522441405033j,0.04830100631722996+1.5583935082802893j,14.994000144847046
-1.0880607818263421+1.076729581715104j,0.37746389180584033-2.3385544258940447j,0.04829974375958257+1.5583905322066791j,14.994020394850065
-1.08803355804792+1.0767526263655707j,0.37746752159969477-2.338564243758105j,0.048294062243447115+1.558377139841553j,14.994111519911177
-1.0879110441797875+1.0768563182652717j,0.37748385508658844-2.3386084236021825j,0.04826849528472208+1.558316873512438j,14.994521583648668
-1.08735959279593+1.077322748978232j,0.3775573439213144-2.338807221881571j,0.04815344121496439+1.5580456611392097j,14.996366889952444
-1.0848752512621673+1.0794179819573548j,0.37788780350535844-2.33970159109552j,0.047635642179110836+1.5568249241641576j,15.004671162423792
-1.0736391695302436+1.088771245099425j,0.3793700006749607-2.3437217441940175j,0.04530442512341313+1.551325913529769j,15.042048326487519
-1.0578319911339455+1.1015961164277726j,0.38142177981385855-2.34931067394347j,0.042053375584525314+1.5436487495832072j,15.094130794661734
-1.0418510713668996+1.1141778589996336j,0.3834579680831289-2.354885415130281j,0.038798873796421836+1.5359535296953293j,15.146213583847194
-1.0257002947740372+1.1265139495290486j,0.38547848962561587-2.3604460544481753j,0.035540990058495196+1.5282402749990613j,15.198296694402806
-1.0093835843832633+1.1386019280827824j,0.38748326959002727-2.3659926787509153j,0.032279793479787794+1.520509006763381j,15.250380126689203
-0.9929049006595697+1.1504393986844939j,0.38947223412628096-2.3715253750275567j,0.029015351979118354+1.5127597463658187j,15.302463881068622
-0.9762682404495134+1.1620240299015732j,0.3914453103802583-2.3770442303779555j,0.025747732285769275+1.5049925152651193j,15.354547957904781
-0.9594776359163464+1.1733535554144903j,0.39340242648797774-2.3825493319885447j,0.02247699994072206+1.4972073349740844j,15.406632357562756
-0.9425371534660894+1.184425774568507j,0.3953435115692025-2.3880407671083894j,0.019203219298427592+1.4894042270325987j,15.458717080408867
-0.9254508926648418+1.195238552907606j,0.39726849572049694-2.393518623025531j,0.015926453529097967+1.4815832129808597j,15.510802126810557
-0.9082229851476241+1.205789822690494j,0.3991773100077458-2.398982987043634j,0.012646764621506096+1.4737443143328173j,15.562887497136273
-0.8908575935190495+1.21607758338855j,0.4010698864581505-2.4044339464589464j,0.009364213386279357+1.4658875525498314j,15.614973191755366
-0.8733589102461268+1.226099902165581j,0.4029461580517172-2.409871588537578j,0.006078859459673258+1.4580129490145628j,15.667059211037968
-0.855731156543495+1.2358549143392645j,0.40480605871225184-2.4152960004931114j,0.0027907613078109552+1.4501205250051026j,15.719145555354887
-0.8379785812513941+1.2453408238241566j,0.4066495232978763-2.420707269464549j,-0.0005000237686256355+1.4422103016693462j,15.771232225077505
-0.8201054597066794+1.2545559035561455j,0.4084764875910809-2.4261054824946084j,-0.0037934396292674585+1.4342822999996248j,15.823319220577664
-0.8021160926071839+1.2634984958982498j,0.41028688828832727-2.4314907265083665j,-0.007089431288507083+1.4263365408075972j,15.875406542227578
-0.7840148048697428+1.272167013027645j,0.4120806629892178-2.4368630882922666j,-0.01038794490953912+1.4183730446994085j,15.92749419039972
-0.7658059444821884+1.2805599373038274j,0.4138577501852451-2.4422226544734866j,-0.013688927798006687+1.4103918320511244j,15.979582165466736
-0.7474938813496286+1.2886758216178147j,0.4156180892481367-2.447569511499679j,-0.01699232839526848+1.4023929229844412j,16.031670467801337
-0.7290830061353237+1.296513289722296j,0.41736162041781-2.4529037456190865j,-0.020298096271300803+1.3943763373426816j,16.083759097776223
-0.7105777290964783+1.3040710365426469j,0.4190882847899513-2.4582254428610293j,-0.023606182117249058+1.3863420946670757j,16.13584805576398
-0.691982478915263+1.3113478284687288j,0.4207980243032338-2.4635346890167815j,-0.026916537737642982+1.3782902141733313j,16.187937342136994
-0.6733017015253859+1.3183425036274008j,0.4224907817261886-2.468831569620826j,-0.03022911604228983+1.3702207147285004j,16.240026957267368
-0.6545398589345334+1.3250539721356718j,0.42416650064374306-2.4741161699325j,-0.03354387103785982+1.3621336148281378j,16.29211690152684
-0.6357014280429988+1.331481216334434j,0.4258251254434405-2.479388574918024j,-0.03686075781917769+1.3540289325737571j,16.344207175286698
-0.6167908994588233+1.337623291002716j,0.42746660130135444-2.4846488692329256j,-0.0401797325602344+1.345906685650585j,16.396297778917706
-0.5978127763097685+1.3434793235524036j,0.4290908741677118-2.489897137204847j,-0.04350075250493272+1.3377668913056155j,16.448388712790024
-0.5787715730524454+1.3490485142033821j,0.430697890752238-2.495133462816751j,-0.04682377595758017+1.3296095663259608j,16.500479977273134
-0.5596718142789235+1.3543301361390576j,0.43228759850923654-2.50035792969051j,-0.05014876227314297+1.3214347270175015j,16.552571572735772
-0.5405180335211431+1.359323535642218j,0.43385994562241703-2.5055706210708872j,-0.053475671847273955+1.3132423891838343j,16.604663499545854
-0.5213147720534579+1.3640281322112071j,0.4354148809894836-2.510771619809906j,-0.05680446610612768+1.3050325681055168j,16.65675575807041
-0.5020665776936306+1.3684434186563819j,0.4369523542064959-2.5159610083516104j,-0.06013510749597552+1.296805278519606j,16.708848348675527
-0.48277800360261014+1.3725689611768328j,0.4384723155520154-2.5211388687172014j,-0.06346755947263319+1.2885605345994888j,16.76094127172627
-0.4634536070834136+1.3764043994173547j,0.4399747159710483-2.5263052824905645j,-0.06680178649071328+1.2802983499350051j,16.813034527586638
-0.444097948379441+1.379949446505656j,0.44145950705879655-2.531460330804176j,-0.07013775399271481+1.272018737512855j,16.865128116619488
-0.4247155894725479+1.3832038890698015j,0.4429266410442288-2.536604094325382j,-0.07347542839796169+1.2637217096972921j,16.9172220391865
-0.40531109288120293+1.3861675872358923j,0.44437607077348096-2.5417366532430568j,-0.07681477709140172+1.255407278211094j,16.969316295648103
-0.3858890204590555+1.3888404746059868j,0.4458077496930989-2.546858087254628j,-0.08015576841227766+1.247075454116813j,17.021410886363434
-0.36645393219423983+1.3912225582162754j,0.4472216318331311-2.5519684755534673j,-0.0834983716426812+1.238726247798294j,17.07350581169028
-0.3470103850097411+1.3933139184755272j,0.4486176717900836-2.5570678968166503j,-0.08684255699600091+1.2303596689424638j,17.125601071985034
-0.32756293156514876+1.3951147090838287j,0.4499958247097453-2.562156429193062j,-0.09018829560527465+1.2219757265213778j,17.177696667602653
-0.30811611906012143+1.3966251569316461j,0.45135604626989334-2.567234150291867j,-0.09353555951145674+1.2135744287745258j,17.2297925988966
-0.28867448803988816+1.3978455619792407j,0.452698292662888-2.5723011371713183j,-0.09688432165160996+1.2051557831913902j,17.281888866218814
-0.2692425712031094+1.3987762971164783j,0.454022520578165-2.577357466327914j,-0.10023455584703203+1.1967197964942455j,17.333985469919657
-0.24982489221241977+1.3994178080030775j,0.45532868718463415-2.5824032136858905j,-0.10358623679132616+1.1882664746212006j,17.386082410347882
-0.23042596450797626+1.3997706128893437j,0.45661675011299196-2.5874384545870432j,-0.10693934003842466+1.1797958227094703j,17.438179687850596
-0.21105029012433116+1.3998353024174441j,0.457886667437956-2.5924632637808775j,-0.11029384199057479+1.1713078450788743j,17.49027730277321
-0.19170235851095127+1.3996125394032872j,0.4591383976604283-2.5974777154150757j,-0.11364971988629514+1.1628025452155564j,17.54237525545943
-0.17238664535670142+1.3991030585990671j,0.46037189968959463-2.602481883026279j,-0.11700695178831108+1.154279925755913j,17.594473546251187
-0.15310761141861068+1.398307666436545j,0.46158713282496644-2.607475839531175j,-0.1203655165714772+1.1457399884707282j,17.646572175488636
-0.13386970135523782+1.397227240751146j,0.46278405673837164-2.6124596572178875j,-0.1237253939106948+1.1371827342495053j,17.698671143510115
-0.11467734256495132+1.3958627304869495j,0.4639626314559004-2.617433407737658j,-0.12708656426883147+1.128608163084987j,17.750770450652105
-0.09553494402943746+1.3942151553826596j,0.46512281733981137-2.622397162096814j,-0.13044900888465025+1.120016274057858j,17.80287009724922
-0.07644689516274913+1.3922856056386483j,0.4662645750704037-2.627350990649018j,-0.13381270976075543+1.1114070653216226j,17.854970083634157
-0.05741756466620609+1.3900752415651672j,0.4673878656278596-2.6322949630877894j,-0.1371776496515612+1.1027805340876435j,17.907070410137692
-0.040355723544164945+1.3878483105860155j,0.46838238230264134-2.636733367693822j,-0.1402052288127743+1.0950067562873593j,17.953927978584613
-0.023348048095637793+1.385396144178161j,0.46936190009829376-2.6411639045311j,-0.14323378544065832+1.0872189585567138j,18.000785794963498
-0.006397669629060546+1.3827197304351173j,0.4703263911726126-2.645586622913486j,-0.1462633084979606+1.079417136855043j,18.047643859487287
0.010492296911063568+1.3798201023481291j,0.47127582783438643-2.6500015717057654j,-0.14929378740974422+1.0716012864887996j,18.094502172367733
0.02731875359938983+1.3766983375473274j,0.4722101825326615-2.65440879931995j,-0.15232521205641966+1.0637714021031426j,18.141360733815386
0.04407862018094077+1.3733555580332582j,0.4731294278460027-2.658808353711703j,-0.1553575727668058+1.0559274776735879j,18.188219544039587
0.06076883471815599+1.3697929298988465j,0.4740335364717524-2.663200282376888j,-0.15839086031122343+1.0480695064977148j,18.23507860324845
0.07738635423364212+1.3660116630418575j,0.4749224812152882-2.6675846323482246j,-0.1614250658946227+1.040197481186926j,18.28193791164886
0.09392815534848309+1.3620130108679227j,0.4757962349792811-2.671961450192067j,-0.16446018114974748+1.0323113936582553j,18.328797469446457
0.11039123491597143+1.3577982699842004j,0.47665477075295404-2.6763307820052837j,-0.167496198130338+1.0244112351262213j,18.375657276845622
0.12677261065062323+1.3533687798837375j,0.4774980616013435-2.680692673412241j,-0.170533109304374+1.0164969960947168j,18.422517334049473
0.14306932175233955+1.348725922620609j,0.47832608065456267-2.6850471695618943j,-0.17357090754736046+1.008568666348936j,18.46937764125986
0.15927842952557875+1.3438711224759052j,0.47913880109706897-2.6893943151249715j,-0.17660958613565725+1.00062623494733j,18.51623819867734
0.17539701799340526+1.338805845614646j,0.47993619615693467-2.6937341542912527j,-0.1796491387398548+0.9926696902135904j,18.563099006501176
0.19142219450628128+1.3335315997337005j,0.4807182390951225-2.6980667307669397j,-0.18268955941819695+0.9846990197286504j,18.609960064929336
0.20735109034546936+1.3280499337007894j,0.48148490319476517-2.702392087772111j,-0.18573084261005288+0.9767142103227048j,18.65682137415846
0.22318086132091472+1.3223624371846565j,0.48223616175044964-2.7067102680382638j,-0.18877298312943927+0.9687152480672411j,18.703682934383878
0.23890868836347784+1.3164707402764906j,0.4829719880575068-2.7110213138059303j,-0.19181597615859408+0.9607021182670765j,18.750544745799576
0.2545317781113889+1.3103765131026845j,0.4836923554013049-2.7153252668223735j,-0.19485981724160323+0.952674805452398j,18.797406808598208
0.27004736349079667+1.3040814654290203j,0.48439723704654825-2.7196221683393564j,-0.19790450227808118+0.9446332933707986j,18.844269122971063
0.2854527042902866+1.2975873462563687j,0.4850866062265797-2.7239120591109756j,-0.20095002751690694+0.9365775649793067j,18.891131689108075
0.30074508772924313+1.2908959434079963j,0.4857604361326869-2.728194979391565j,-0.20399638955001578+0.9285076024364028j,18.937994507197804
0.3159218290199342+1.2840090831085729j,0.48641869990341235-2.732470968933655j,-0.20704358530624833+0.9204233870940186j,18.984857577427423
0.330980271923195+1.2769286295549753j,0.48706137061386556-2.7367400669859965j,-0.21009161204525753+0.9123248994895136j,19.031720899982716
0.3459177892975925+1.2696564844789844j,0.487688421265038-2.7410023122916365j,-0.21314046735147404+0.9042121193376239j,19.078584475048057
0.3607317836419503+1.2621945867019737j,0.4882998247731182-2.7452577430860425j,-0.2161901491281315+0.8960850255223801j,19.12544830280641
0.37541968763111877+1.254544911681691j,0.48889555395880824-2.7495063970952756j,-0.21924065559135156+0.8879435960889857j,19.172312383439312
0.3899789646448732+1.2467094710512348j,0.48947558153663895-2.7537483115342107j,-0.22229198526428962+0.8797878082356538j,19.21917671712686
0.40440710928982654+1.2386903121503334j,0.49003988010428345-2.757983523104792j,-0.22534413697134198+0.8716176383053973j,19.266041304047697
0.41870164791424475+1.2304895175490245j,0.4905884221318675-2.762212067994327j,-0.2283971098324144+0.8634330617777636j,19.312906144379006
0.4328601391156528+1.22210920456385j,0.49112117995127563-2.7664339818738166j,-0.231450903257253+0.8552340532605137j,19.359771238296496
0.44688017424112375+1.2135515247666742j,0.491638125745452-2.770649299896311j,-0.2345055169398375+0.8470205864812359j,19.406636585974386
0.46075937788014165+1.204818663486232j,0.4921392315376933-2.7748580566952943j,-0.2375609508528371+0.8387926342788928j,19.453502187585386
0.4744954083499333+1.1959128393025227j,0.49262446918093333-2.7790602863830896j,-0.24061720524212946+0.8305501685952928j,19.500368043300696
0.4880859581731652+1.1868363035341647j,0.4930938103470171-2.783256022549287j,-0.24367428062138308+0.822293160466483j,19.54723415328998
0.5015287545479019+1.177591339718821j,0.4935472265159626-2.787445298259184j,-0.24673217776670256+0.8140215800140571j,19.594100517721355
0.5148215598097263+1.1681802630868199j,0.4939846889652084-2.7916281460522394j,-0.24979089771133772+0.8057353964363729j,19.64096713676137
0.5279621718859225+1.1586054200280813j,0.49440616875884547-2.7958045979405384j,-0.25285044174045607+0.7974345779996742j,19.687834010574992
0.5409484247416239+1.1488691875524752j,0.49481163673683065-2.7999746854072587j,-0.25591081138597843+0.7891190920291117j,19.734701139325594
0.5537781888178315+1.1389739727437302j,0.49520106350418-2.8041384394051434j,-0.2589720084214789+0.7807889048996558j,19.78156852317493
0.5664493714612095+1.128922212207015j,0.49557441942013963-2.80829589035497j,-0.2620340348571471+0.7724439820268981j,19.82843616228311
0.5789599173455654+1.1187163715103172j,0.4959316745873321-2.8124470681440137j,-0.26509689293481487+0.7640842878577329j,19.8753040568086
0.5913078088849252+1.1083589446197462j,0.4962727988408753-2.8165920021245032j,-0.26816058512304497+0.7557097858609158j,19.922172206908172
0.6034910666381172+1.0978524533288845j,0.49659776173747133-2.8207307211120676j,-0.2712251141122837+0.7473204385174911j,19.969040612736908
0.6107346643152851+1.0914660867584214j,0.4967853141819285-2.8232156213597084j,-0.2730676769715771+0.7422702484658165j,19.99720439581679
0.6107346643152851+1.0914660867584214j,0.49678531418190003-2.823215621359715j,-0.2730676769716639+0.7422702484658954j,19.99720439581679
0.6107349205755424+1.0914658589439432j,0.4967853207408321-2.82321570959808j,-0.273067742435533+0.7422700689583486j,19.99720539581681
0.6107360737457536+1.0914648337779738j,0.4967853502559348-2.8232161066706865j,-0.2730680370229485+0.7422692611743038j,19.9972098958172
0.6107412629925355+1.0914602205145425j,0.49678548307204423-2.8232178934967096j,-0.27306936266641474+0.7422656261443985j,19.997230145825117
0.6107646142148917+1.0914394604936069j,0.49678608070702107-2.823225934199535j,-0.27307532806396045+0.7422492684753248j,19.997321270985438
0.6108696868548559+1.0913460336060674j,0.49678876930472177-2.823262117073113j,-0.27310217239235446+0.7421756582658716j,19.99773133673191
0.6113423545266866+1.0909254750881237j,0.4968008526100552-2.8234249341496063j,-0.2732229726688011+0.7418443981756172j,19.999576683718367
0.6134661323502878+1.0890301806232132j,0.49685491590667846-2.824157492477979j,-0.27376659009051624+0.7403534412209021j,20.007881780089093
0.6229575437576833+1.0804453780840564j,0.49709188719762576-2.8274516086301347j,-0.2762131965093262+0.7336383270566044j,20.045275634863376
0.6337736448356622+1.0704284677863682j,0.49735243327641254-2.831247218980121j,-0.2790365494949998+0.7258791771825877j,20.088422382324794
0.6444445171672717+1.0602929778724062j,0.4975991875792622-2.835037644534812j,-0.28186062128949324+0.7181073248646523j,20.131569329764062
0.6549687540530401+1.0500409684242455j,0.49783212526469217-2.8388229058768335j,-0.2846854147271927+0.710322737255536j,20.174716477287024
0.6653449776760468+1.0396745172022017j,0.4980512212478803-2.8426030231969435j,-0.2875109327836328+0.7025253807589495j,20.217863824998318
0.6755718393321037+1.0291957192441576j,0.49825645019327913-2.846378016292903j,-0.29033717857255364+0.6947152210225981j,20.26101137300134
0.6856480196544092+1.01860668646186j,0.49844778650719895-2.850147904568317j,-0.2931641553429943+0.6868922229310916j,20.30415912139825
0.6955722288326321+1.007909547234262j,0.4986252043303587-2.853912707031456j,-0.29599186647642345+0.6790563505987472j,20.347307070289926
0.7053432068263874+0.9971064459979919j,0.4987886775304009-2.85767244229405j,-0.2988203154839065+0.6712075673622748j,20.390455219775966
0.7149597235730666+0.9861995428350203j,0.49893817969437193-2.861427128570049j,-0.3016495060033078+0.6633458357733456j,20.433603569954656
0.7244205791899849+0.9751910130576077j,0.4990736841211617-2.8651767836743622j,-0.3044794417965304+0.6554711175910374j,20.47675212092295
0.73372460417081+0.9640830467906109j,0.499195163813904-2.8689214250215542j,-0.3073101267467896+0.6475833737741544j,20.519900872776454
0.7428706595762384+0.9528778485512255j,0.4993025914723335-2.872661069624514j,-0.3101415648559229+0.6396825644734165j,20.563049825609397
0.7518576372188859+0.9415776368262465j,0.4993959394850989-2.8763957340930855j,-0.31297376024173473+0.631768649023514j,20.606198979514613
0.7606844598423583+0.9301846436469245j,0.49947517992202745-2.880125434632657j,-0.3158067171353753+0.6238415859350246j,20.649348334583504
0.7693500812944735+0.9187011141614996j,0.499540284526342-2.8838501870427122j,-0.3186404398787542+0.6159013328861871j,20.692497890906026
0.7778534866946029+0.9071293062054934j,0.4995912247068256-2.8875700067153374j,-0.3214749329219878+0.6079478467145295j,20.735647648570662
0.7861936925951053+0.895471489869841j,0.49962797152993216-2.891284908633684j,-0.3243102008208805+0.5999810834083448j,20.778797607664387
0.7943697471368225+0.8837299470669435j,0.49965049571184145-2.8949949073703847j,-0.32714624823443883+0.592000998098012j,20.821947768272647
0.8023807301986127+0.8719069710947233j,0.4996587676104551-2.8987000170859183j,-0.3299830799224187+0.5840075450471565j,20.86509813047932
0.8102257535408947+0.860004866198766j,0.4996527572173312-2.9024002515269256j,-0.3328207007429052+0.5760006776436468j,20.908248694366698
0.8179039609431791+0.8480259471326308j,0.4996324341495557-2.906095624024469j,-0.33565911564992473+0.5679803483904216j,20.95139946001544
0.8254145283355625+0.8359725387164102j,0.4995977676415467-2.9097861474922397j,-0.3384983296910884+0.5599465088961424j,20.994550427504553
0.8327566639241638+0.8238469753936271j,0.4995487265367901-2.9134718344247026j,-0.3413383480052676+0.5518991098656685j,21.037701596911347
0.8399296083104799+0.8116516007865489j,0.4994852792795035-2.917152696895186j,-0.34417917582029967+0.543838101090347j,21.080852968311405
0.8469326346046441+0.7993887672500043j,0.49940739390622496-2.9208287465539025j,-0.3470208184507254+0.5357634314381152j,21.124004541778543
0.8537650485325644+0.7870608354237868j,0.4993150380373247-2.924499994625909j,-0.34986328129555544+0.5276750488434079j,21.167156317384777
0.8604261885369283+0.7746701737837294j,0.4992081788684358-2.928166451909j,-0.3527065698360675+0.5195729002968669j,21.210308295200278
0.8669154258720546+0.7622191581915349j,0.49908678316180216-2.931828128771528j,-0.3555506896336329+0.5114569318348446j,21.25346047529333
0.8732321646925806+0.7497101714434474j,0.4989508172375387-2.9354850351501525j,-0.3583956463275715+0.5033270885286991j,21.296612857730295
0.879375842135967+0.7371456028178492j,0.49880024696480274-2.9391371805475153j,-0.36124144563303606+0.4951833144738721j,21.339765442575562
0.8853459283988109+0.7245278476218691j,0.49863503775287193-2.9427845740298375j,-0.36408809333892433+0.4870255527787465j,21.382918229891505
0.8911419268069537+0.711859306737087j,0.49845515454212586-2.9464272242244385j,-0.3669355953058191+0.47885374555327676j,21.426071219738436
0.8967633738793751+0.6991423861644214j,0.49826056179492806-2.9500651393171675j,-0.3697839574639555+0.4706678338973855j,21.469224412174555
0.9022098393858613+0.6863794965682841j,0.49805122348640446-2.953698327049756j,-0.37263318581121535+0.46246775788912114j,21.5123778072559
0.9074809263984432+0.67357305282009j,0.4978271030951154-2.957326794717076j,-0.37548328641114814+0.45425345657257027j,21.555531405036295
0.9125762713365954+0.6607254735412048j,0.49758816359361707-2.960950549164315j,-0.3783342653910179+0.4460248679455167j,21.5986852055673
0.9174955440061908+0.6478391806454212j,0.49733436743890874-2.964569596784048j,-0.38118612893987586+0.4377819289468436j,21.64183920889815
0.922238447632208+0.6349165988810443j,0.4970656765627622-2.968183943513222j,-0.3840388833066587+0.4295245754436687j,21.684993415075706
0.9268047188851858+0.6219601553726782j,0.4967820523619288-2.9717935948300322j,-0.38689253479831076+0.4212527422182079j,21.72814782414438
0.9311941279014256+0.6089722791627945j,0.4964834556882211-2.975398555750704j,-0.3897470897779319+0.4129663629543596j,21.771302436146087
0.9354064782969399+0.595955400753173j,0.49616984683846416-2.978998830826161j,-0.3926025546629482+0.4046653702240016j,21.81445725112018
0.939441607175146+0.5829119516462994j,0.4958411855443127-2.9825944241385915j,-0.39545893592330705+0.39634969547299426j,21.857612269103385
0.94329938512831+0.5698443638868053j,0.4954974309619296-2.986185339297897j,-0.3983162400796949+0.3880192690068817j,21.90076749012972
0.9469797162327414+0.5567550696030386j,0.49513854166152144-2.9897715794380284j,-0.40117447370177794+0.3796740199762835j,21.94392291423045
0.950482538037742+0.5436465005488496j,0.49476447561672626-2.9933531472132007j,-0.404033643406465+0.37131387636196816j,21.987078541433988
0.9538078215483181+0.5305210876456774j,0.4943751901938495-2.9969300447939875j,-0.4068937558561923+0.3629387649596004j,22.030234371765847
0.9569555712016581+0.5173812605250263j,0.49397064214094266-3.0005022738632863j,-0.4097548177572299+0.35454861136415455j,22.07339040524854
0.9599258248373861+0.5042294470714143j,0.4935507875767199-3.0040698356121576j,-0.41261683585800873+0.34614333995398366j,22.116546641901508
0.9627186536616006+0.49106807296588145j,0.4931155819793082-3.0076327307355264j,-0.4154798169474686+0.3377228738745369j,22.15970308174105
0.9653341622047065+0.4778995612301446j,0.4926649801748251-3.0111909594277475j,-0.41834376785342636+0.3292871350217149j,22.202859724780215
0.9677724882730538+0.4647263317714817j,0.49219893632577877-3.0147445213780304j,-0.4212086954409637+0.320836044024854j,22.246016571028736
0.9700338028943951+0.4515508009284335j,0.491717403919286-3.018293415765717j,-0.42407460661083435+0.31236952022932984j,22.28917362049293
0.9721183102571751+0.43837538101740625j,0.49122033575510105-3.021837641255407j,-0.4269415082978905+0.3038874816787698j,22.332330873175604
0.9740262476436679+0.4252024798802611j,0.4907076839334509-3.025377195991933j,-0.4298094074695274+0.29538984509686395j,22.375488329075953
0.9757578853569783+0.4120345004329758j,0.4901793998426698-3.0289120775951743j,-0.43267831112414623+0.28687652586876455j,22.41864598818948
0.9773135266419243+0.3988738402154616j,0.4896354341466286-3.0324422831547055j,-0.43554822628963524+0.27834743802206197j,22.46180385050787
0.9786935075998192+0.3857228909426214j,0.48907573677195126-3.035967809224281j,-0.4384191600218673+0.2698024942073268j,22.5049619160189
0.9797852158636265+0.3739018160550657j,0.48855871612313917-3.0391355713992527j,-0.44100289185843666+0.2621013532603028j,22.543785277891708
0.9807353370257159+0.3620922642285903j,0.4880288838641783-3.0422995395732833j,-0.44358745901184765+0.25438724135383517j,22.582608787715394
0.9815441836202389+0.3502959631678592j,0.4874862019513371-3.045459710102087j,-0.4461728666721538+0.24666009194553573j,22.621432445474554
0.9822120894574791+0.33851463565253065j,0.4869306318247581-3.048616078975568j,-0.44875912004410207+0.2389198375397807j,22.660256251151225
0.9827394095567256+0.3267499992768113j,0.48636213440027676-3.051768641814051j,-0.45134622434629335+0.23116640967493055j,22.699080204724826
0.9831265200759794+0.3150037661899203j,0.4857806700611068-3.0549173938644145j,-0.4539341848103511+0.2233997389102822j,22.737904306172076
0.9833738182385084+0.3032776428375032j,0.4851861986493888-3.05806232999611j,-0.45652300668009704+0.21561975481274656j,22.776728555466946
0.9834817222562611+0.2915733297040341j,0.4845786794575984-3.0612034446970737j,-0.4591126952107358+0.20782638594324512j,22.815552952580568
0.9834506712501535+0.27989252105624596j,0.4839580712198112-3.0643407320695224j,-0.46170325566804593+0.2000195598428181j,22.854377497481174
0.9832811251672459+0.26823690468762723j,0.48332433210281783-3.0674741858256325j,-0.4642946933275793+0.19219920301843754j,22.893202190134012
0.9829735646948202+0.25660816166402395j,0.48267741969708894-3.0706037992831003j,-0.46688701347386685+0.1843652409285175j,22.932027030501278
0.9825284911713769+0.2450079660703852j,0.48201729100758295-3.073729565360578j,-0.46948022139963225+0.1765175979681144j,22.97085201854203
0.9819464264945634+0.23343798475869146j,0.4813439024443941-3.0768514765729806j,-0.4720743224050117+0.168656197453809j,23.0096771542121
0.9812279130260546+0.2218998770971026j,0.480657209813236-3.079969525026667j,-0.4746693217967809+0.16078096160826288j,23.048502437464027
0.9803735134933982+0.2103952947203645j,0.47995716830575585-3.0830837024144833j,-0.4772652248875888+0.15289181154444043j,23.087327868246952
0.9793838108888443+0.19892588128151162j,0.4792437324896761-3.086194000010673j,-0.4798620369951974+0.14498866724948842j,23.126153446506535
0.9782594083651767+0.1874932722049033j,0.4785168562987572-3.089300408665641j,-0.4824597634417283+0.13707144756826395j,23.164979172184868
0.9770009291285631+0.1760990944406309j,0.47777649302257796-3.092402918800576j,-0.485058409552915+0.12914007018650248j,23.20380504522037
0.9756090163284448+0.16474496622033324j,0.4770225952961282-3.0955015204019247j,-0.48765798065736177+0.12119445161361601j,23.2426310655477
0.9740843329444827+0.15343249681445706j,0.4762551150892088-3.0985962030157084j,-0.4902584820858082+0.11323450716511235j,23.28145723309765
0.9724275616705812+0.1421632862909991j,0.4754740036956329-3.101686955741687j,-0.4928599191703995+0.10526015094462529j,23.320283547797036
0.9706394047960094+0.1309389252757668j,0.474679211722225-3.104773767227358j,-0.4954622972439628+0.09727129582554608j,23.359110009568603
0.9687205840836401+0.11976099471419317j,0.4738706890776106-3.1078566256617917j,-0.498065621639289+0.08926785343224537j,23.397936618330913
0.9666718406453284+0.1086310656347422j,0.47304838496079166-3.110935518769292j,-0.50066989768842+0.08124973412087506j,23.436763373998225
0.9644939348144508+0.09755069891394069j,0.47221224784950155-3.1140104338028856j,-0.5032751307219412+0.07321684695973901j,23.475590276480382
0.9621876460156275+0.0865214450430718j,0.47136222548833434-3.1170813575376255j,-0.5058813260682802+0.06516909970922109j,23.514417325682693
0.96119106151786+0.08202691767250363j,0.4710059063891312-3.118335562648782j,-0.5069598186124163+0.06187547044434971j,23.530295389470073
